10323108
11694972
10310334
8598515
9776226
13964421
11006364
12657014
17321608
10931316
16582892
9588154
8090846
13787654
10898567
10034363
10353024
8741675
13261909
7165946
7761680
9609295
8476621
13516542
12322822
6499450
10280159
13299404
10371684
9526082
10017514
6147740
10285404
13483831
11095396
17535292
9950027
9322179
6073871
6220380
10060095
9763397
10155483
14166311
11059587
8019153
9364098
9684366
13511298
9574266
9712153
30994854
12713488
13133683
9963034
7890735
10378098
16405987
10950363
6322308
12652730
8829471
6865051
8471936
10204166
8598775
13547121
14420047
10206556
8682365
14265986
7515611
10949548
17912219
6780002
13355355
10419721
13174660
13176292
7591833
9677879
10517052
10333002
13695258
6131166
13192713
14412355
7944072
7962577
37088163
10788293
8018049
13774433
9504701
9893818
12853768
10538112
9672332
16569637
19040845
8223032
14787806
10125341
27689380
7321093
9850449
8133115
13502499
6771372
7477399
7701690
12016478
15384435
13609036
8589823
9909042
13381186
13067517
11458997
10578916
21377104
8715654
16468832
7345224
10201050
18065648
22507075
32560713
11150184
11020539
6478786
17527002
38189894
13732528
8950800
6438772
9558570
10929701
8499052
9753910
7961394
15604236
10615852
15986604
20976465
16623312
13111989
13733953
10195056
14677877
13099789
7150223
10660251
10208896
14466559
7470489
14310830
9480666
17059319
8612692
9986333
8854386
8552681
10488300
17464513
10469432
10693748
11284957
32096010
28401057
12187626
6976736
21355117
17323527
13760727
7854338
15910006
11080665
10689876
10166600
17220435
13133097
13450444
12339733
16006947
10777089
16301061
17092727
13594782
8544391
13058081
25559446
8964557
10811517
9495744
6280664
12126779
6516198
9485574
9372713
15990571
14280436
13871009
13434104
6174778
14502419
10354476
15478137
13715209
11849824
14276767
9871599
13130891
8098086
10718720
8152907
27361926
7851055
12803025
14194665
12798825
7573657
13536612
13846436
6343830
9936813
9822506
12607693
10100720
9841677
6972253
31643574
10874334
9678600
13868823
10280977
9917713
6482017
12970047
13379977
32093910
12138059
9454765
10039764
6647848
8434351
9539203
7857806
9595202
8257117
10767263
13827401
9932397
14587798
6471021
6520802
18754133
10292246
6377782
10539585
14449512
18922097
10389869
7272876
10791519
7350848
10800930
38906087
9122649
11367219
19069229
11333426
6847014
11709151
10980037
15279645
8972279
14199624
14210798
17493645
10993355
8422484
13055065
17089938
6976923
10027212
13504186
9315410
18103996
37739602
9703696
14089332
18105091
14495394
14209620
10368989
16984585
11071696
8807232
7941793
9827979
8463076
6031430
16743523
15767203
25921812
17610726
12996339
13740114
5891189
16136285
10411750
10080925
8007028
6220129
10635947
17735027
15098990
10598949
7833554
7946121
20671396
6519243
15818051
14241142
9929544
10196103
13741929
9532514
13631061
8348868
10080426
7592018
9856432
8534352
16482540
10409518
15227285
10826898
8051911
10737214
9982785
15607814
10483814
8691641
10144102
6658568
9107182
11401394
8527093
17221090
14607300
18392342
7157239
16048767
6844403
10893916
6576974
6705293
10585264
7971254
19055173
14678732
8579463
9294284
14798597
37669949
9175086
10302013
6608464
6781101
7204686
7518233
10291218
8405397
7761167
15606358
7756222
6953759
9825174
21284890
7886574
9853909
10993175
10369879
14221122
6569327
10713887
10242594
10781463
8346659
8264270
6393063
18118057
10133163
13684988
9638785
14694143
6706164
12952101
18408590
10901221
8525211
12724636
6613523
23322238
36647962
18649609
11809137
18750309
9868288
7903398
8362104
7912311
9722113
13369313
10825881
6847673
6450107
8653137
6963753
14934358
10637325
6769359
8963543
8117190
8945671
17665181
11492012
14941955
7715193
11112120
32201568
10218723
14861163
8199051
9126611
14185444
6318166
6513328
17070259
8337011
16805396
7797335
10055480
12761112
11149764
10115214
8334666
12883644
12682481
7262994
9874430
26610875
10104130
6273560
13410523
7104627
13985313
14267849
18968653
14126415
10374205
10544911
10418788
14445472
7659896
14245007
14678852
19329831
7180215
6724272
10324280
9720135
7740724
12461815
11293533
10524182
10319922
13069150
9478417
6002483
5804412
11285167
13526548
7991099
9519158
13643024
10072981
10241018
11680285
13913619
14227841
8018503
10667797
13337247
13312338
6132147
6510846
17191616
10133039
6894450
9974434
7568068
7254467
10619604
9495094
9029828
13133249
9830361
7259225
14033869
10036058
10221974
9683083
10275200
9784128
18132751
17700252
8445278
10598455
7810344
13533394
12152690
12474635
10682940
7924165
7271814
12895845
11800654
19231958
10511325
11103379
6357517
10277204
14536392
6622493
6749085
14114474
11780346
8031302
12906592
11284782
9869599
10206567
13766462
10757838
7875193
10315258
8012718
10769274
14265872
10980123
6120636
9947996
14442479
10201420
8651921
10897366
7275722
8484986
13584462
14397636
13819232
17756952
9933418
13746914
10228301
9037540
16217239
6586583
8119644
10325569
13420819
10651909
6658914
10869232
9290711
11710267
8525500
13224342
6305707
6670469
6867495
16242713
14198097
6643129
10801006
21067086
6377646
10688116
10530737
8684502
17927459
17505065
11728822
16705212
10568756
7043444
14274187
11070061
10036754
27950210
14010936
14789993
8054965
9802998
12663899
12909175
10132886
9441309
7263963
10791966
17299913
15911566
16472463
9539728
8986652
16271556
16838730
7683116
12559095
12757371
8318453
9712167
7364442
16592189
8356399
7049532
13745656
8421545
10420143
6986730
9753353
10492907
10690516
6139745
17178043
10602415
13392218
12865415
6381240
13152394
6597840
18356871
7823756
36971087
13280207
18332939
7086394
13492250
13663275
10366254
13655314
13703234
17514618
14208210
13799970
8244535
6414682
10234553
14981994
9821149
17490059
17765853
12869090
11783706
9846951
10971795
8618177
9686222
12987075
7097592
7748000
13455094
9900413
6104545
8134455
14688541
13778376
12170560
6815813
6767488
7761971
14278568
8270353
13334601
8407580
6239604
6418266
7245311
10314040
6465107
12543010
7706080
11284379
22031563
8507829
8938067
31391343
7449851
8592562
6483456
10440903
15653252
8505771
12955204
17054175
7773424
36764485
12975284
38842711
13682652
12868291
10055308
13678899
6955993
6541488
9428965
13408898
14188442
9053636
11012159
19755967
18173987
8372077
9701521
6016526
8520671
10433670
13494637
9634853
9950147
16297592
11389075
11100180
11383532
9648228
13896835
22038234
26756756
6653406
6172422
8317234
8581622
14057658
6963359
10830495
7965117
8056631
21748171
10419726
10664675
7880023
9767267
13598900
10335318
6235049
10588322
7508983
10731395
13422103
10640939
7259981
8378829
16972501
11046371
17343563
9642047
7772506
9746900
10070748
7634534
11026461
9859459
6250394
9588274
10059264
12996604
6182985
17441548
11122673
6081359
16124496
10353986
14037655
13245674
9862872
37179641
6755729
17843815
8166526
8182986
6686446
9821692
9429972
23067817
6408687
10946947
6881571
12718525
6653823
13292359
9418555
9784075
21763249
6473180
13915794
9580980
22471016
7870650
10670819
16847525
11120726
7875705
10238311
9775273
14691853
6175933
6384970
6171647
12389482
11061074
13614191
8034913
9916532
17341429
13503444
9847465
10134883
17777647
12854076
10098187
13794549
7338962
10244741
5924741
10143593
6559820
19534956
9884481
13681546
6682859
9192788
14876153
10965329
10368384
11726907
11387796
8786876
6925390
17663985
7167109
11295396
11346686
10425572
15239493
10858270
17760352
8795585
14664245
9125464
28549947
10746035
25153928
11950286
17657064
9393531
10717154
22965398
19094846
8847989
10730706
6945337
33945686
17276473
8626072
14840847
10656283
10730422
6946464
8384083
18475729
10730040
10555849
8907153
10961493
8810719
23764225
8251668
9200187
10550649
7246135
7062570
16367768
7747140
10988053
6355928
8158051
14195615
35801130
12865262
7090846
13092199
9322965
12620871
13832707
15100793
11862288
11231439
11208646
6997044
8356285
10873220
14557534
13879923
10076271
16210077
26701828
7626071
12627769
13101812
10284268
7658790
22767775
10918104
6428616
5993900
10180090
9083075
10568118
13055873
7367281
10411454
9917151
17265238
16548221
18852244
10538056
11777879
7251795
11084496
14919402
15048359
9059313
7066273
14100632
14432614
12634859
14177966
5931392
7091637
9721871
10952301
8228452
8347247
27062080
12138352
9916048
13622929
6366535
6686102
7197909
10005200
8305535
7725210
18113919
7760080
8350574
7673496
9897945
24780639
21400168
12521271
6359280
10485089
12511562
10530031
10572547
25870329
18000622
18323238
7315381
13750748
8176311
12835182
6689757
13235286
10337235
10844067
8411652
23491475
10547202
8672416
9878102
37160964
11858936
10627646
10656444
16099814
10059610
10210022
10451078
10739104
13375813
16834512
8431606
10539628
7833347
13036536
12102223
10854075
7315748
7770225
8681519
13889477
16081987
7754082
14156264
10833769
6341858
18184115
9172440
10772629
8817601
36539057
10461855
17465001
10187271
10612277
13084541
12610448
8377352
10130807
16830737
13830225
12824538
12508540
7362988
10309587
6156989
6618128
10431344
8504253
13951542
10810248
8265767
6385033
17580843
8709873
7816787
13859033
18702852
10178594
10384147
13696678
8555793
10583001
10684370
10483042
11127037
8296124
6985888
13081070
10286110
6740484
9651709
10814279
11007877
6840064
8284302
6527078
13024033
8778717
13655492
14204653
12916693
16737860
7143797
16299535
10623693
10650152
11047467
6133545
16188677
9676274
10054225
17607406
14614640
10326177
14877636
12834262
13380476
11044765
13086865
16367068
6588961
10370464
10499047
11415748
6161901
9417141
11618265
35593445
7154444
10195699
6466589
6511074
20675554
7156283
7692105
6407560
13967622
12198927
6314785
13199447
6154331
13970442
14479003
9483032
10696346
9627897
13171189
8594536
10331795
12502048
14340082
17929862
6572703
9645335
7724692
6894403
12916113
13708220
10439867
13511299
17649420
17810996
14086122
10268112
15701679
6438015
8337206
6828688
8031813
9781925
10026151
10093330
10581529
6286530
13815421
10831515
6794381
6443496
7889910
7661133
11100891
10794059
36661348
12921425
13330921
8545435
7566703
17625973
13895257
10284721
11154534
13572184
6361446
13145496
10273561
13567795
8903916
11130953
11670201
11146828
12726806
9647192
16815735
12916972
8137692
17215211
10906275
17814331
18374479
14228085
13759969
13417473
9935519
7666777
13480865
11252103
10891004
10498691
13974776
17740336
22383503
10340545
10585677
6772425
6289699
10020220
15391433
25985148
7184068
7256934
6479120
6631093
8713213
13238077
8403218
7992415
10359466
6712572
10222461
8583538
13422098
17468469
6483980
7972407
6094773
9564202
18347469
15554821
13500908
10437632
7433962
9757022
10148367
9922692
13558150
7755028
10685593
14092101
26211081
13100364
9635703
9997583
11326538
14265051
10120410
9250016
10886106
12839324
17965605
13113228
17445877
9743323
13772539
12965824
17599636
10015754
6470208
8403540
10474375
8219913
8618991
17533829
30923893
19751208
8601360
13451850
17915524
21577104
11085811
21113715
7976087
8419582
7934485
7123742
13448014
13721812
13614791
9745805
14022801
7758912
14104790
10117075
36290186
6173017
7817712
6067005
13571796
7054210
6412687
12852353
10372737
9729203
7877995
19064774
23191089
14703965
8402642
14965546
11100201
14439096
6816050
17606448
10609676
10765476
14179620
11218244
18670914
13961071
6420912
17141172
13741459
8543058
16354484
9883218
14310784
9487894
17713338
10953200
8782222
16298175
7124664
8918562
8389448
9057337
6155278
17522494
11180259
10912654
26880607
10056062
14208120
10268326
13036676
17165564
7050865
6215269
13490703
11683447
9422516
17765671
8191919
16618049
7643054
26207372
10751704
10900806
13185413
16027909
9899083
16846862
10176918
10372633
10204113
13902199
5892184
7725757
14519411
8455685
21594927
13763641
6102522
12547761
10234351
10356800
10619025
10116409
18768867
10543170
10238447
21397510
10688512
8518296
7787569
17070814
12792316
10194074
15238309
8482204
9963094
10891745
6180054
8785892
10813280
17189562
14811604
10685870
16663174
14678948
10572483
7773243
8055472
30556754
6071819
12648436
8494454
6855205
28030691
15519654
17797559
6005476
6914198
7787606
23024748
7194626
6666388
11058917
17536231
10868369
13033033
6835247
17419075
11048582
9804894
9754656
9913699
17088000
7968717
17346468
7452268
27087661
10461337
12934575
13463037
6602822
13251439
10493644
9097776
10303739
17445844
13812766
6368683
10573052
6993348
8074933
7778976
13604193
11100247
5946174
5725700
14473987
10436794
8466454
6689896
9120102
10044287
10405736
33456045
14481829
9154245
17312430
10778680
8142442
14793097
8194904
10494062
10546286
11267786
11595964
10781398
11374813
10922262
8063599
17890723
14398458
8323972
10990925
6541040
6855844
9930145
18291941
14625216
10779904
8735632
10657563
8890417
11854644
12002733
11309170
14503854
10912005
8001136
14800269
18327609
14656264
10114512
6608399
14504933
12490290
29685899
13741774
10405683
8735122
10352569
11210164
18776524
7112335
21115395
8265975
8208477
7230970
7070698
8023239
6523771
15006657
8731907
11155727
19020606
10303020
6875157
10925378
10367067
12881602
18628615
7292875
16773568
13562559
8445333
14421690
13313027
8184245
8861356
13241373
16151431
10443796
14230025
8017061
6665262
12903419
13209746
7968978
27190423
6925066
8785156
18055890
13908480
8169998
13739510
8036120
31292401
16735653
6457331
10256351
6049579
17275818
10777280
22917774
31872446
8522990
18158929
13208242
8206336
10009253
6606466
8606418
14265371
7868448
13700711
13690420
11070830
6158733
9582478
24914417
8745280
9221126
10744930
8317612
16057302
13668678
6262570
11271097
6556045
8840660
23860453
9986954
10164170
6733631
13300339
17515255
7934202
15646309
12933149
9635036
13338056
10069520
13061260
12656713
10841931
18703104
7498467
10419566
6282098
16030323
6734339
12812276
8058216
10368322
25108461
10295088
10854547
16928219
9462483
7960041
9738244
9675245
21492405
23181620
10058026
9458265
9840670
17154398
18480039
13075820
11194731
6890988
8732212
9092976
13400535
11154043
12218712
8992442
22836417
9440346
11714841
8707979
13668876
10229676
6801093
10112308
26576751
8248089
10332387
16329494
6956947
10316022
17249335
16085707
10468430
13666250
6373338
10520698
10108872
9813517
11020670
10290485
13412310
9832435
10897869
21294899
7967670
6918318
13213425
6469389
13601172
13819907
12488994
7446818
13467500
7238041
6064059
8798475
6505189
6594249
11430719
13450732
11464312
10198099
17268476
14612930
16182574
6813117
16172810
9795226
10199044
10451510
8503701
18968285
13808182
10219774
8256912
13789785
16612671
12767394
13178750
18538184
10639493
10144412
8535781
6400699
11714431
6919402
14584185
11702714
11420147
8156394
7190644
8492895
13548743
9840696
18709431
7887119
12896878
6676492
16297694
16054129
7241635
10308053
12324455
10935511
13783543
7371190
10635455
9515013
6074118
7451719
9581499
13237260
37627393
8379609
9955685
12942130
9352071
14415986
9807495
13463033
35525750
11375454
10354962
7560946
12858298
11553155
8392368
13509907
8107533
13190326
13542149
8317159
14489734
10308502
15139296
13633274
13192053
16395142
15637965
7899040
12664733
18729825
10570581
16676764
12576937
13605321
17065749
6719101
11352802
13427281
15917032
9632033
6890287
13289889
12518418
13276903
12735939
9885520
13364340
10184874
12472898
10078136
7892706
10991030
17480746
16496695
14092299
14534139
10445557
7786689
8065400
16014730
10424680
9199436
9908218
9968658
12573538
9790662
12988511
9520598
7050788
6944543
10501962
20463867
9759527
16091947
15251678
8465165
9614714
36448634
13504925
10901798
5983707
8218013
10566930
10876191
17486974
11062892
13810200
14245629
21092145
14130961
12730445
7471980
7438887
14493135
10112256
10147823
15838579
10314115
10227811
9336455
25876950
16518012
14006605
9899924
8479215
10571199
9152129
8189064
6862256
21763535
7955706
10287364
9892706
9564920
13300036
9524053
26305832
13355222
8727401
6490863
8982036
13204225
10199432
9724412
9326165
13162627
13781927
6543018
7658786
7297668
12831830
6479465
7907198
10567376
9665343
9632072
10664959
10898310
12913174
9937062
17699362
8600462
6430321
9707370
9891343
22255165
13475148
11011427
7830304
16970586
6492162
10592380
21027145
12502775
13302882
9716747
9815713
11042034
10032863
8103142
13801859
8321221
16222339
10184573
17340455
8448911
13203102
7909504
10219657
13681613
18388363
21786717
6551082
8165426
10591170
10050580
8529120
10672806
12221227
7953313
15435578
10559301
14572647
6307725
13918768
16277495
8128680
10629449
10326487
9949074
6287405
10863388
8013371
8005155
9954478
17851705
6864241
13573233
13587566
6226237
12080488
10500495
7744991
14168846
10454863
11964297
25746233
8698928
10686724
9471789
14265110
12222882
13990512
11094645
21366045
10697358
8075730
9764887
10239509
13572181
12463461
16365033
7186344
20788595
9747011
12943847
12876443
7935736
13778467
7429965
8001336
18544377
8075694
13389405
7755314
16115082
17727864
9430377
6599423
10674006
7516138
10084835
6023350
13649372
10436985
6289709
10226546
9149852
10428065
11105268
14027375
10764795
23415981
10556418
6611386
10437405
14422360
21504724
6510942
11078717
10056881
13854275
11080457
10472385
6551466
8533657
10758578
9598948
8239044
17741290
7475658
6201126
8578753
10188512
6524899
10125485
8901760
13490340
8698046
13757408
8759552
13869821
14319958
7359266
14165365
17262999
10699162
9655059
17641283
12747554
17885727
16856234
21112878
9936123
12890325
12289656
9563304
6419225
7726560
16724057
7969915
9508511
10840969
13421371
8537752
9691301
6100351
12916702
9403910
10115334
7784673
13873979
17603887
7696342
12972408
13108934
8157501
10175255
28182787
10487222
10296661
8484197
6831873
22678600
10315378
11326190
29210037
13800589
10019803
15347719
10682901
15924235
9458099
11205832
11673350
11686471
10776177
14580499
14591238
13607951
18975048
17140947
8404252
13505947
8662528
10603403
7656442
17008646
8255703
10897244
7415677
7833327
10171857
10153074
8247847
22468996
9039631
14135072
22372064
33673714
13582204
13374255
7358056
16420290
10470359
13632047
15097468
19628749
6614880
13434456
11688629
10168932
13748372
9677942
6509933
17087977
7364483
10490047
8725603
27869715
10779697
8238474
11371689
9144097
10906574
14667738
13813751
17807571
8545771
8884640
18892262
8921294
8528000
13540343
13363197
10874961
14271258
10770830
8039064
8195025
8596572
6874543
14668271
7058028
11274321
18405282
10516899
11441103
10270791
13310179
17535091
9873939
9231332
7907167
14783885
8257906
6211609
14021749
13548679
6480269
11756610
6040461
10833033
17151402
16673451
7800857
10208910
18655383
10653779
10084969
7025780
10508150
13796052
10791228
6991056
9630859
21804429
7985906
14505326
6703665
22260402
8520948
16135749
8322479
10869861
8626184
17468963
13422804
13681841
9916113
10717985
21388810
12560789
10501976
6383113
21212945
7192646
10022848
9648215
13492535
16417010
9843139
6031502
36965944
18232533
9784422
9793256
9732290
10162400
17036453
9423271
10390402
13195036
17529666
10407414
17483498
27138151
7803836
10208347
10439257
8394995
10390800
10810984
6367057
10665600
26618237
11299860
10222866
8525515
13431763
14082632
17846372
9828650
14367842
8466812
12807200
15905522
17494701
10266120
11001428
16422963
10872665
15374846
11342603
19364463
10233970
10502845
10788759
10094487
13418652
9646743
9985042
9592697
6810408
26605145
13178345
10111606
10179475
11336568
6724558
10521991
13298783
16390597
13489613
10095306
10107682
7714709
35927941
9607434
10224459
7964512
7708875
13286717
17296600
13834839
6298689
12712493
16377008
10351346
7572858
10502475
10251681
13806687
9179672
7517794
10056486
6132220
10391404
13553200
10085587
13294814
10219596
9494065
9666700
10027267
6325423
14033881
13685186
8346157
35649402
7753554
8190827
7889631
11265998
13624484
6233790
13091036
10530846
13543220
13320306
14840051
16029569
18674087
13344907
13826074
6652667
18551199
7829129
7130637
8278599
10116733
9894556
16450626
6471666
17378279
13388562
13170438
14154838
18041281
6845981
14216700
8803637
6488743
14130180
13125334
10987632
10777498
6069174
12297601
13786317
9575517
10047863
15990685
12798256
9665603
9862077
8058251
10081922
11168030
11191708
10653813
8690209
6790240
10263550
8490550
10423523
7379105
6428429
16058608
17045614
16241600
10393577
9514437
16337782
10027522
36842956
10644721
6225389
18398462
13789344
13040822
6649465
16880336
12817500
9743785
10588804
9919958
8647481
14969918
17816044
10510092
8295311
10932496
13413959
10802969
13424966
6736050
10436216
6859207
9789051
13946772
6815698
16824706
6043550
11025277
7382603
8438044
7243351
6643572
13041034
8796991
10593881
10577156
10562674
7899308
7345230
7683346
14105777
7495253
31364914
7290438
13504169
17897295
13363788
13028210
13584182
10189050
10135556
9735120
7171016
13389707
7691933
10179917
7899840
13675980
9726396
13304326
36306629
13921842
10427963
10111516
21494800
14070280
21773532
8439084
6560637
10173605
23593195
8193163
8403300
9843829
8933315
13305407
6799566
13868835
25565720
8788706
10631788
13724603
8544710
10687290
13698138
10830098
10385636
6636232
13808668
11208160
10282173
10086741
7735886
18079742
16723223
9623899
10326100
10233287
13279032
10442653
14021121
14189910
7482117
10110093
31329371
17380938
9877881
17761568
12624290
10575932
6418384
18857645
13619566
17317641
10279658
16951964
7906944
9993367
6412160
8723409
12830581
10883994
6982968
13773535
9542066
7797917
5869652
12889274
26401376
10308367
10457305
9326536
7503291
9556471
7638272
13311729
13614898
10081014
15718549
7432102
6308090
10387414
16142165
7305404
17478537
7832748
9362880
13685690
9368794
10693364
9264220
8449899
11320243
17995247
14441363
10491967
8380004
7501611
14579359
7175977
17981045
10572490
10514208
10907361
6786037
16280772
10852903
17056468
15959645
7479509
21620309
11036947
8480809
14251448
11301033
16838013
6161163
6357730
10029243
14785237
8585228
10775459
11756573
8183540
8256180
9280977
11049799
16729481
14288224
18127747
9593383
16226122
7951949
9942370
6169184
6005365
18394427
10292475
10501760
14074505
12822621
10346924
17343271
6170449
7566091
10166390
7782779
9608691
16345195
14321914
10454901
24958906
10296119
11604549
9509548
13145588
8135797
6421543
18304814
8961359
7517867
6019727
14630934
12586026
6460633
8088455
13576730
6288899
11336678
16335894
13252024
16163703
10660250
6148763
10844774
13954444
6078788
13171055
7819604
7052282
6104264
10110193
9741126
13524737
13660068
7405880
10239616
13298688
6799336
10061140
9753616
8427286
7393489
8310489
7839830
25923207
7752913
12474306
10068995
5942298
9588152
10188390
9856670
8432357
10272544
7554631
18239778
10690006
9948321
7108349
11429491
7851834
7708605
9990708
25449986
10852623
8896701
10904034
13738751
8946277
7743267
12541592
14093598
6161669
9763831
8995248
10232957
11193173
8065240
13108838
13237170
10531576
35963804
10122776
13966187
17142997
6986415
14696054
10873378
8443803
17797136
14621755
6527253
9953148
11909858
11239277
9206158
10894726
14427676
11821466
13959155
