10408435
11769611
10381185
8637260
9828159
14002273
11057906
12731244
17367419
10976963
16617777
9647681
8127265
13828767
10949538
10070770
10400971
8793499
13307587
7265857
7822258
9644714
8514019
13565345
12376948
6552602
10321828
13371441
10406268
9560547
10053294
6193378
10318652
13535041
11138603
17588644
9988335
9358014
6121302
6256581
10107211
9841175
10202274
14221480
11118513
8072728
9416053
9747156
13562185
9633463
9749712
31028770
12777590
13178603
9998835
7929390
10444440
16466250
10985852
6356697
12704031
8882559
6924893
8523064
10269611
8651922
13610331
14474249
10262676
8726044
14311872
7573370
11015852
17947240
6835247
13415935
10470853
13223035
13213127
7626882
9730687
10557778
10367372
13755562
6177717
13231074
14473933
7979500
8023627
37128684
10824182
8060696
13810123
9552942
9946903
12913327
10574207
9727058
16610481
19092018
8259428
14827034
10173683
27742464
7444618
9908552
8194807
13549653
6830200
7512357
7738630
12052284
15421300
13699670
8634252
9945964
13434887
13113439
11498347
10633985
21435648
8765830
16506756
7408705
10277041
18129479
22543281
32610474
11217091
11119018
6544113
17592430
38280711
13772850
9025051
6472941
9591684
10986523
8558078
9851158
7997377
15640852
10696375
16048911
21045761
16682040
13160055
13790556
10281322
14734119
13153667
7267141
10703713
10252068
14527091
7548047
14370660
9559664
17141047
8666413
10024539
8929248
8592527
10555602
17505010
10504714
10739786
11376252
32189285
28447778
12238799
7017954
21424529
17361562
13799456
7898296
15955850
11149058
10766419
10210097
17276379
13183716
13484579
12386667
16041526
10814779
16352885
17173552
13648079
8608536
13134376
25612495
9032843
10848327
9532802
6325371
12197620
6577014
9533791
9442775
16070699
14319037
13923149
13470935
6226364
14572128
10449805
15522567
13751924
11964836
14382523
9928793
13163608
8132310
10753958
8247943
27409607
7884130
12876697
14272744
12879253
7666707
13570380
13910947
6393289
10011545
9861378
12654982
10183783
9911720
7106231
31689928
10949391
9788384
13946801
10314253
9964367
6551791
13062785
13428860
32181634
12177305
9491134
10130209
6720647
8473082
9576108
7936460
9662189
8319079
10827849
13919587
10002207
14661196
6563737
6571885
18824846
10383119
6447464
10611998
14506626
19004731
10477123
7371251
10896518
7456525
10913064
39006576
9225012
11468970
19135724
11431552
6949749
11799627
11063494
15368320
9052593
14293243
14301919
17575326
11067302
8505306
13150518
17171156
7073942
10134432
13604619
9420858
18217108
37834641
9799736
14196824
18203720
14588410
14302120
10456913
17080444
11169672
8906781
8038700
9909819
8539049
6098041
16839195
15861178
25971244
17680814
13060891
13866280
5964830
16201628
10479495
10147432
8098042
6305257
10728057
17802233
15191019
10680239
7947279
8030033
20724693
6589645
15880139
14305677
9997351
10273637
13814890
9612177
13708451
8416935
10144115
7657054
9950707
8615472
16568636
10504269
15322221
10923636
8149549
10849770
10079093
15705377
10591096
8830258
10245921
6753912
9208661
11493230
8632234
17326900
14712531
18496260
7243102
16130493
6936476
10992224
6648863
6767721
10697885
8052789
19144722
14745797
8680366
9366553
14876078
37754764
9254950
10378842
6680522
6856103
7297979
7668865
10365952
8480685
7841735
15689544
7822490
7074199
9908123
21367467
7959257
9930433
11073595
10441293
14295631
6643296
10782253
10305214
10866043
8429807
8346591
6464222
18180549
10194009
13749065
9718567
14796383
6782440
13040976
18460263
11013531
8600564
12793304
6696548
23387136
36732707
18715390
11908212
18846948
9938646
7970594
8423471
7999701
9809925
13468021
10905514
6931097
6517283
8713763
7043202
15016165
10714365
6852068
9024658
8212608
9027755
17735846
11575139
15038819
7792004
11182522
32269413
10314919
14938811
8276411
9222758
14275822
6370912
6582702
17139149
8429088
16890124
7917379
10118395
12832763
11219884
10229047
8417000
12935508
12739243
7343699
9944012
26684032
10175717
6327636
13482383
7215054
14069131
14347145
19005189
14183683
10436865
10617269
10485424
14514481
7765600
14320830
14751227
19416604
7309469
6800943
10393273
9800027
7825529
12557907
11356183
10594066
10395178
13117026
9548003
6069716
5875915
11351989
13600459
8061891
9589980
13682873
10141128
10317492
11775658
13990229
14332292
8085978
10733509
13427910
13398938
6173019
6589213
17268882
10180832
6995568
10041981
7630827
7377986
10701423
9542506
9067084
13176178
9910476
7331726
14106090
10132300
10292688
9750586
10372245
9831344
18190310
17788095
8507221
10660748
7872950
13616532
12222260
12548161
10750180
7970395
7309919
12986221
11883097
19303950
10565821
11178999
6434860
10347869
14638370
6724317
6831871
14228371
11865443
8117991
13020132
11359403
9936677
10272114
13827989
10836606
7953932
10377277
8112987
10844043
14326526
11072619
6209566
10007907
14527100
10269230
8741370
10979212
7334739
8566683
13669879
14463578
13860558
17801781
9996243
13832538
10319570
9121038
16297763
6632574
8201071
10364231
13467834
10688582
6766124
10974537
9389813
11790623
8613229
13298661
6350738
6710473
6921206
16306000
14296356
6712961
10921146
21147621
6414757
10779397
10594568
8719660
17978894
17602426
11810718
16833514
10683889
7122354
14370255
11136239
10105585
28014880
14070638
14867778
8120192
9854052
12746467
12966136
10200111
9486719
7367305
10838474
17372899
15975689
16571748
9588207
9099311
16344213
16897172
7720675
12604527
12814456
8397265
9766485
7420562
16701832
8436108
7126848
13808601
8464430
10465850
7049501
9794699
10558240
10758171
6191042
17266254
10647531
13427026
12915766
6415438
13218652
6635063
18446138
7900668
37041561
13328364
18393449
7139266
13553012
13698257
10456170
13743056
13766104
17573696
14283289
13857599
8290123
6461120
10295735
15087800
9860511
17544254
17861202
12928759
11841888
9895371
11018575
8654322
9719146
13055311
7229591
7854581
13490783
9968022
6150386
8202152
14747068
13828490
12255864
6871761
6857647
7831731
14332301
8361001
13385258
8457150
6272359
6451767
7328598
10383004
6541577
12575719
7771032
11319663
22096861
8574875
8975517
31465650
7505912
8666559
6564819
10477323
15720097
8575338
12994353
17116460
7818256
36838453
13017548
38942247
13749500
12954517
10111331
13719980
7041989
6577571
9507209
13463964
14283765
9121412
11080423
19829994
18235333
8427996
9753724
6064659
8583810
10510000
13570811
9696719
10007253
16340010
11441777
11147195
11433662
9711303
13941912
22146538
26821412
6708492
6249635
8365663
8620929
14113464
7045236
10868761
8007816
8147772
21801429
10453972
10702194
7915795
9802007
13662947
10374223
6271649
10666461
7570450
10788893
13524375
10688883
7294753
8427458
17008543
11086594
17380205
9754501
7865943
9781393
10164673
7670427
11067738
9893363
6295193
9650808
10139262
13053150
6219807
17497094
11172417
6126143
16183711
10425038
14083962
13280336
9928327
37271527
6794926
17922692
8236353
8230735
6746458
9858452
9463582
23151551
6490595
10982086
6967145
12761080
6695695
13326851
9476042
9845084
21813562
6556944
13953913
9616880
22567032
7915589
10732863
16906992
11168884
7919980
10309957
9823227
14729877
6242989
6433774
6212790
12422030
11122198
13690290
8069362
10004201
17385862
13552245
9917118
10179744
17823738
12893296
10144106
13834561
7384284
10322388
5959881
10207503
6606271
19571967
9924517
13734389
6758443
9236598
14954419
11021130
10412704
11811567
11443584
8846434
6983538
17723765
7267707
11365737
11447115
10518141
15339334
10920804
17843174
8879708
14734742
9232223
28619628
10839657
25251384
12036257
17754309
9456694
10782504
23041961
19157495
8941494
10797058
7041178
34058633
17337703
8740875
14911427
10716361
10805450
7044266
8452433
18568386
10805440
10630560
8978220
11030309
8876113
23839776
8310254
9302194
10606773
7338840
7147276
16442287
7881818
11044700
6401894
8230222
14287204
35865192
12931344
7181664
13150823
9393005
12666449
13875983
15179488
11934859
11306942
11258139
7072516
8421460
10909861
14624617
13946946
10125545
16293908
26775157
7663565
12699662
13166353
10320205
7729353
22816702
10975633
6488563
6081227
10267514
9133105
10658839
13144324
7415827
10509857
9956545
17319036
16614087
18960248
10652530
11899148
7337362
11140130
15018733
15118502
9117178
7139136
14170277
14522649
12680161
14277083
6018015
7144466
9823972
10999011
8265211
8392024
27097601
12177412
10004800
13680478
6403509
6768078
7273192
10042417
8359660
7760204
18153291
7796775
8431054
7708076
9946041
24869452
21451106
12565426
6407097
10519963
12560614
10572921
10651457
25926172
18085034
18383855
7355730
13791322
8228196
12889948
6757387
13317694
10384750
10908026
8493949
23572739
10604342
8720631
9928070
37208601
11910718
10723210
10710855
16185566
10101599
10295291
10504140
10799197
13430608
16895346
8505521
10584850
7868258
13102925
12146995
10893044
7371983
7816846
8771124
13937672
16163290
7800365
14204809
10877057
6405149
18226810
9255860
10860284
8885516
36654656
10512021
17521560
10236463
10661373
13128101
12648283
8454465
10208972
16877649
13940546
12870141
12540852
7413530
10362682
6205137
6663701
10551583
8564547
14046778
10872768
8324005
6498817
17631291
8750368
7851724
13913152
18743805
10224687
10458531
13735689
8591710
10625615
10730141
10520920
11189076
8397058
7033374
13176091
10324114
6805364
9733538
10851771
11057713
6877181
8341454
6609813
13086066
8849710
13690816
14257906
12990641
16775048
7197237
16353312
10673898
10702360
11117806
6178168
16226297
9741027
10099973
17644827
14676078
10389613
14940839
12887089
13453990
11093023
13121424
16450702
6641608
10413348
10545323
11462446
6200199
9472967
11671759
35653154
7213490
10272030
6527765
6559332
20716305
7225409
7753290
6480656
14006621
12256602
6377250
13247053
6203335
14020858
14538104
9560461
10744984
9703464
13218369
8675256
10364904
12535073
14374295
17974883
6643920
9699473
7774689
6954852
12971874
13795214
10497805
13558288
17683826
17862030
14180164
10305095
15782645
6490842
8376621
6906518
8084850
9846962
10064397
10141197
10623307
6334272
13863951
10890133
6829048
6490306
7928489
7697934
11160205
10832147
36721256
12959715
13366302
8591461
7633307
17725489
13963659
10333890
11199314
13607195
6398170
13230620
10326175
13668745
8969574
11236472
11764962
11235836
12797487
9695341
16855370
12996807
8221028
17288968
10948415
17896159
18450424
14298480
13862378
13504303
10014394
7749537
13561008
11305044
10967034
10586983
14036660
17806404
22477295
10391838
10652017
6884519
6368845
10100178
15460944
26062875
7307046
7421049
6604371
6699811
8793048
13319753
8476253
8101877
10421168
6792783
10301411
8664023
13509294
17546924
6590767
8047127
6162309
9643160
18426091
15629408
13572583
10528233
7517632
9825974
10221517
9996204
13625547
7835949
10764364
14197400
26282095
13169803
9707976
10072910
11405790
14343359
10191380
9340881
10979685
12896827
18025590
13196624
17531319
9802635
13856558
13048189
17682397
10110193
6567346
8484367
10543740
8286749
8679090
17594743
30993828
19864609
8684686
13506316
17980208
21654501
11151390
21186414
8053411
8470441
8016828
7180225
13512030
13770288
13683355
9845342
14092042
7823543
14188221
10218507
36378713
6250623
7896436
6144876
13622370
7158958
6513779
12929168
10439800
9793599
7951030
19162252
23269900
14790707
8479475
15044492
11188207
14534009
6891233
17689013
10690363
10840834
14263576
11302696
18756095
14046881
6507011
17254769
13833295
8639878
16426932
9949544
14369314
9562311
17785092
11059650
8866706
16364351
7201585
9009133
8459554
9135004
6228397
17606773
11264369
11000989
26963848
10178640
14297172
10336932
13112664
17267211
7150088
6279541
13564601
11754384
9496830
17839774
8278346
16682240
7717491
26263348
10832702
10996793
13264166
16106265
9981220
16940490
10274144
10458595
10269390
13975802
5979240
7792886
14589554
8536729
21668251
13855958
6177242
12633192
10304111
10413270
10680912
10196487
18851585
10609788
10319836
21476374
10758001
8605357
7864361
17138399
12856537
10262643
15317856
8552189
10032934
10959688
6255145
8864447
10884208
17273916
14911171
10761728
16733131
14762388
10664831
7915558
8134704
30637635
6133828
12714173
8554173
6921585
28097721
15628427
17879048
6059852
7018378
7869626
23101525
7253696
6756150
11137512
17610138
10951440
13097233
6925508
17500584
11124278
9873594
9825654
9994595
17171458
8038907
17425183
7527747
27166752
10534952
12996526
13524979
6681737
13303448
10574671
9159231
10369856
17520042
13897157
6442813
10652959
7061456
8144359
7864365
13675882
11186007
6022230
5786831
14553673
10478327
8521653
6768217
9178011
10122314
10484209
33519789
14552487
9221617
17380515
10851058
8217645
14896719
8264232
10580257
10638128
11363112
11691205
10868304
11449166
11009925
8154126
17999686
14512423
8411177
11060869
6616504
6937758
10013275
18346782
14713796
10874899
8846487
10773976
8986359
11950992
12116605
11407664
14583133
11000806
8133469
14891307
18453337
14737909
10207414
6694771
14593019
12565503
29750604
13838406
10484353
8804094
10459760
11281986
18844477
7184453
21203060
8309391
8311206
7300566
7159561
8103703
6621461
15098393
8818623
11246759
19121261
10359847
6979546
11033231
10446176
12968409
18730750
7403519
16861365
13663413
8502878
14505040
13407745
8251815
8956293
13311301
16250923
10517301
14307374
8115543
6703994
12989975
13283098
8055949
27285930
7013457
8883995
18148031
14013983
8222009
13808799
8123896
31367334
16814599
6531353
10333365
6128098
17376194
10842450
22973504
31973340
8602023
18228690
13263960
8277693
10103067
6700787
8684874
14327673
7942730
13767240
13771531
11170962
6233089
9650002
25000503
8831194
9316717
10842640
8409623
16125835
13734427
6333656
11355277
6637546
8936213
23935683
10050093
10253628
6799704
13370075
17567782
7985371
15703167
13008185
9710522
13418182
10166096
13126630
12719478
10941064
18787056
7560476
10497024
6342435
16085680
6813918
12884688
8143607
10466934
25207958
10359461
10945844
16980424
9526550
8035630
9790758
9728687
21548340
23257682
10148933
9507196
9916668
17216646
18553781
13141605
11288739
6990322
8803166
9185021
13461936
11236160
12292317
9062759
22923731
9496684
11792715
8785682
13742771
10309901
6904734
10178666
26645287
8340959
10401020
16381890
7061972
10396668
17309732
16176627
10555802
13745486
6439443
10615498
10149278
9907561
11099673
10354533
13493161
9898440
10990702
21351667
8049662
6992098
13260464
6520278
13652773
13894865
12570605
7538900
13546320
7286984
6125583
8858321
6580137
6658915
11513382
13514373
11503573
10280869
17363101
14714373
16260187
6857110
16243523
9854566
10257568
10494613
8572767
19065885
13863343
10322742
8316577
13858066
16679691
12833886
13239317
18629048
10698098
10215886
8602272
6463253
11770826
6991600
14659852
11786949
11503005
8220663
7271080
8559195
13597844
9889928
18754939
7938900
12950737
6726058
16341154
16086913
7285426
10357771
12363058
10969711
13831897
7408754
10701944
9562871
6129779
7497377
9660872
13274461
37681595
8416763
10018285
12979705
9404396
14472905
9843982
13540972
35588971
11420136
10413031
7629050
12926944
11620088
8481897
13588167
8143753
13261019
13596271
8363161
14581937
10386457
15235934
13711587
13285118
16494516
15703959
7963511
12701827
18795600
10652157
16737187
12647638
13693349
17157409
6795663
11429850
13499776
15995625
9705722
6986466
13362155
12597879
13351424
12815045
9958433
13432631
10281642
12535363
10157434
7975808
11067976
17544983
16596083
14190386
14617516
10535151
7869456
8146081
16103477
10521219
9284593
9970322
10057750
12655272
9856897
13067677
9601136
7169007
7057296
10564840
20518626
9833723
16178308
15324212
8525140
9695950
36507494
13590636
11004818
6065684
8305593
10648714
10957422
17567670
11147962
13881681
14344761
21206526
14233330
12792482
7525568
7518937
14587241
10188974
10217484
15890700
10407051
10336561
9433225
25961526
16620694
14061159
9991860
8574544
10652571
9243142
8257019
6930669
21867121
8006547
10360286
9960373
9645750
13379679
9603961
26374952
13419257
8792377
6568692
9075241
13291251
10280547
9821513
9399423
13235497
13861823
6633592
7730560
7349818
12908014
6562565
7963657
10618176
9759320
9702776
10744441
10971845
12976979
10025311
17784606
8681226
6481158
9782136
9953508
22327755
13539093
11088840
7890108
17043250
6561698
10647500
21110753
12577518
13383198
9821685
9878957
11113105
10100586
8170158
13884730
8397458
16306545
10276561
17414441
8503855
13285689
8016172
10293288
13747574
18467502
21872700
6613776
8228078
10673985
10133175
8579812
10762835
12269534
8056607
15500794
10619936
14652949
6399089
14014908
16344891
8225086
10716551
10395083
10028366
6354374
10954936
8122442
8087122
10004350
17939763
6927135
13630315
13664789
6314138
12169257
10570343
7814439
14261484
10550726
12069056
25853040
8825716
10770951
9551690
14336564
12295342
14064921
11192538
21434685
10775292
8109387
9835581
10301917
13665164
12545733
16421370
7304458
20866993
9833919
12977298
12975679
8025695
13871433
7504526
8050149
18605609
8139333
13438422
7825265
16179185
17794491
9508124
6679223
10751357
7562302
10139872
6119146
13753378
10492565
6362744
10296606
9210131
10494500
11172965
14108907
10835402
23504218
10617830
6689074
10528930
14494517
21589252
6569610
11142952
10142817
13958362
11169215
10548963
6626004
8634883
10832582
9685436
8330645
17817296
7541853
6292284
8653803
10262483
6596409
10208454
8984709
13568940
8789017
13838236
8838289
13945440
14412399
7450125
14255150
17376564
10774928
9733691
17720659
12837966
17985716
16903916
21223588
9998486
12961686
12355796
9614082
6484665
7775882
16788335
8043671
9576016
10909906
13487444
8608867
9776771
6205861
12969551
9455536
10201121
7846936
13943208
17693774
7762844
13046542
13178278
8266730
10229450
28224980
10539279
10342472
8528746
6873312
22735379
10364635
11378424
29252009
13846672
10060402
15409108
10746565
15994973
9511464
11265990
11741403
11747519
10840853
14644586
14651812
13706741
19079220
17227061
8448930
13568034
8743865
10669433
7736051
17097452
8340519
10963082
7520949
7886682
10279372
10229173
8353817
22569600
9093150
14242647
22480656
33766994
13689133
13457087
7450887
16515579
10587526
13716725
15159259
19732423
6700074
13511644
11779159
10255730
13849085
9740199
6598167
17161043
7418135
10616773
8801564
27960330
10878701
8332892
11466264
9241912
11010347
14767097
13908608
17919955
8643253
8948040
18990628
9030563
8637732
13632986
13467289
10975939
14346825
10864513
8137913
8268857
8706236
6967958
14772435
7141646
11375245
18481314
10606265
11529305
10337330
13383859
17611641
9966310
9294611
7996696
14846281
8328294
6278881
14108902
13615902
6584087
11847939
6111315
10901679
17228046
16757006
7893227
10289654
18731139
10748328
10151133
7128546
10578800
13867103
10855234
7104109
9711081
21870578
8069236
14575905
6784711
22337582
8590357
16240286
8386623
10963441
8702680
17548929
13486836
13766170
9980212
10785188
21450800
12625702
10585365
6467270
21318697
7268130
10105598
9729742
13585635
16494893
9916505
6121197
37025996
18325166
9888923
9864014
9799129
10259651
17116312
9475190
10472069
13264020
17602178
10489959
17560976
27187884
7888048
10296540
10531359
8482708
10461616
10891210
6441182
10780003
26671847
11359707
10304049
8613057
13508294
14184179
17917719
9911809
14436662
8548961
12889563
15992786
17570844
10353498
11077341
16504864
10957980
15449727
11437764
19454355
10311958
10616770
10857406
10173699
13486378
9719063
10070187
9664259
6920321
26703279
13246255
10190660
10255368
11428723
6820857
10583139
13402560
16510402
13562998
10179614
10181429
7764415
35999518
9672621
10315287
8033611
7775935
13380614
17362475
13898103
6383810
12789013
16446070
10446021
7645019
10568982
10316830
13874650
9238221
7568198
10130661
6213282
10482765
13620686
10151103
13374057
10307917
9559306
9741286
10123585
6377201
14099307
13776653
8440435
35717544
7824346
8268492
7950091
11353349
13701531
6300597
13156880
10589367
13603017
13395950
14908795
16104920
18737629
13422546
13892247
6726667
18626183
7887589
7237559
8347821
10183976
9946722
16527678
6526512
17468692
13466466
13259619
14231243
18120180
6936847
14297376
8929868
6569328
14206101
13213227
11089872
10834019
6136653
12363864
13836000
9680256
10114900
16068723
12847587
9755043
9924570
8150693
10179222
11234530
11262744
10744415
8767870
6877735
10358366
8576010
10519688
7458116
6524124
16120122
17113673
16323689
10481427
9579071
16387082
10123489
36916429
10726507
6293587
18492063
13855737
13113648
6726083
16966010
12943559
9818208
10673678
10029072
8722809
15038221
17883182
10583495
8355816
10986624
13481954
10859659
13499653
6807665
10492294
6947998
9888559
14050231
6916154
16859192
6091356
11077147
7509681
8526868
7341974
6736364
13120266
8906737
10645337
10622507
10680525
7951721
7405085
7736493
14190354
7589901
31451279
7362155
13547199
17932814
13432314
13104341
13664647
10271863
10200426
9817512
7240525
13491734
7739206
10261272
7966579
13754694
9794431
13419357
36392429
13996398
10526637
10196801
21547241
14124792
21874984
8520149
6648373
10249639
23660344
8285169
8481240
9912717
9017487
13384749
6884086
13962309
25656899
8875897
10701781
13822058
8641426
10738974
13791784
10928241
10472491
6727373
13887002
11307022
10350551
10161732
7775471
18189460
16805699
9690865
10395026
10326973
13350172
10507484
14099073
14272324
7517852
10191775
31396831
17469105
9944520
17821078
12687015
10667139
6491328
18903155
13722351
17406547
10333604
17033783
8030278
10089567
6462126
8825390
12907533
10941454
7093240
13849922
9611679
7875694
5940077
12965102
26482251
10365236
10535980
9400838
7589140
9633791
7717494
13388976
13689548
10143073
15786110
7487589
6344219
10452951
16219394
7403478
17580818
7902620
9429280
13736762
9429058
10730913
9297393
8519296
11380295
18065277
14499791
10571129
8477208
7623250
14647472
7251526
18055037
10658760
10600492
10959539
6869237
16378493
10937345
17132737
16017284
7527170
21696696
11106410
8562590
14333438
11402590
16906651
6243538
6421968
10085497
14884160
8670521
10889548
11855529
8265247
8341513
9349791
11120383
16825415
14341291
18181065
9658055
16308539
8016420
10042023
6242205
6087204
20892508
10344625
10593581
14156532
12902191
10409802
17425268
6251589
7640936
10217968
7818726
9653934
16397996
14382268
10509738
25009335
10369326
11674128
9563157
13183296
8183260
6491522
18380521
9038073
7552778
6106799
14734420
12666274
6528407
8132999
13613564
6355349
11384199
16387206
13296735
16251094
10741126
6246799
10923584
14000192
6172171
13239850
7892081
7132168
6201482
10163048
9810682
13619584
13749083
7473861
10338496
13371574
6895060
10120269
9814347
8510884
7475440
8391085
7887792
25967054
7922052
12552893
10120918
6006779
9654907
10283347
9924155
8480907
10321630
7593328
18336928
10782653
9999680
7222379
11504632
7924443
7759219
10042053
25499138
10906339
8974522
10959228
13827123
9000360
7828608
12653907
14172046
6207900
9804417
9072266
10308428
11227806
8159916
13187937
13292602
10629184
36009595
10185799
14006221
17234915
7044832
14760948
10980427
8502962
17874951
14675169
6576596
10024129
11977988
11335549
9276457
10987300
14512495
11928511
14064132
