11007891
12887383
11598620
9564500
11359280
14999103
11989868
14340957
19481679
11498955
18623615
10645015
9496620
15343781
11511730
11158140
11617577
9507133
14819641
8125652
9123198
11224714
9177850
14727573
13939641
7504341
10876759
14730154
11975598
10987436
11659291
7137483
11625414
15004723
11870729
19707104
11683685
11050189
7155752
10691469
12352612
11453510
9480159
11016424
14750627
11975847
14199337
19483938
11508193
18530148
10617481
9545633
15333123
11508896
11161234
11775644
9517691
14732732
8110590
9035597
11165093
9104320
14807419
13667034
7469652
10766559
14478117
11784329
10944235
11513244
7187895
11607494
14466578
11838331
19626676
11177530
10838933
7026436
7115544
11453847
11047636
11602199
15823476
12026569
8810454
10805409
11296909
15307633
10703366
10967132
33996838
13674243
14964238
10983143
9128893
11800018
17998153
12448573
7431551
14203186
9763876
7261975
9128011
11101745
9003886
14064648
15295320
11856497
8977377
14805819
8262847
11601386
19870985
8116701
15386492
11964487
14571443
15372415
8926611
11008773
11885604
11606528
15238416
6989787
14889159
15640594
9273114
9308316
39269842
11297704
9233969
15515376
10891177
11102771
13833067
11994160
11078023
18375697
20532762
9451243
15301940
11184202
28836844
8231131
11136767
9346031
14638275
7665368
8767532
8879988
13652205
17215394
14552863
9227301
11051845
14613570
14623905
11928642
12007127
23330286
9684058
18307668
8652997
10724087
19396304
24024040
34119335
12040104
11876478
7002705
18057539
39645809
15020958
9729474
7519239
11073565
12281278
9314334
11081176
9275907
17650269
12114038
17443356
23344885
18304040
13855688
13999469
10602449
15807248
14055980
8157107
11369629
10678860
15227873
8188239
15471206
10647172
18211911
9344928
10957503
7110976
9608394
12163613
18351011
11504324
11926709
12341930
34094691
29838047
13190466
7431303
23046189
18960676
15061575
9142241
17955125
12097311
11944690
11749053
19832807
14809381
14754337
13992300
17772041
11875257
18404106
19464562
15076287
9628527
14574329
27612360
9804294
12471608
10777663
7618456
13990670
7506892
11011000
10858704
18060553
14938463
15656474
15204409
7053942
15411967
11337906
17429982
14905774
12379133
14875090
10722289
15044658
9288622
12238900
9289884
29275297
8841490
14560480
15285256
14558645
8916911
15397089
15283872
7515815
11534028
10899600
14809482
11451544
11141436
8285315
34541368
11748356
11103928
15663027
11477628
11462423
7408504
14423843
14877580
34427929
13790149
11019497
11094203
7568171
9833607
11014398
9212154
10973975
8963643
11578430
13988722
10676327
15614224
7392091
7603029
19415570
10993611
6996566
11149305
14783903
19183821
11044885
7587530
11051247
7504555
10998340
39366240
9583770
11695222
19410347
11573585
7523803
12359485
11958917
15786325
9582071
15001217
15096654
19312012
12298559
9358334
14166027
18046748
7352592
10795532
14099439
9725012
18385193
39825778
9820276
15195275
18945912
15207124
15081385
10750140
18130115
12252316
9932765
8449037
11121311
9939948
7044498
17502285
17347271
29208514
19652425
14871113
14754810
7047817
17906542
11337519
10930925
9013726
7514764
11796590
19792624
16228001
11585148
8954608
9170063
23134968
7581970
17624071
16284670
11201734
11867140
14972518
10858847
15656761
9682667
11645933
8638563
11077649
9785655
17831298
11221800
16181376
11431035
9289884
11256464
10657219
17267601
11051786
9211415
10889138
7248854
9617651
11611085
8946835
18500380
15277492
19246483
7403003
17376056
7307623
11616432
7122333
7440087
11364741
8745987
20049002
15573182
9228544
9736196
15495018
39958066
9413670
10994022
7302310
7488162
7443819
8204041
11584937
9225455
8870364
16178137
8287446
8192407
10855891
23482416
8280131
10988745
11867492
11486572
15425313
7283526
12177076
11029610
12028092
9219625
9098331
11080253
19605449
11858861
15094691
10677289
15444929
7420912
13695865
19745358
11716165
9130861
14533279
7607746
24712111
39722331
19827998
12157494
19974722
10724778
8797837
8913575
9290867
10972060
13964990
11950121
7327373
7363139
9430051
7567973
15666880
12058667
7572318
9771732
9139041
9849237
19306596
12064321
15722800
8611145
11554297
34573639
10693374
15189447
8696535
9548803
14671928
7178928
7210031
19491041
9485979
17525923
8910554
11155524
14864601
11863168
10901519
9474580
14383745
14347153
8327526
11266978
29408364
11124792
7512017
14713379
8129112
15034315
15077106
19744678
14847465
10942720
11169333
11032863
14950648
8149545
15059854
15364002
19760421
8329076
7600770
11725927
11008291
8635635
13955966
12153195
11716452
11518019
14754127
11135001
7055450
7114343
12681884
15167996
9244165
11198239
14133396
10959603
11084304
12578444
15013295
15482419
9114999
12084700
14805114
14634345
7098359
7460674
19487384
11839654
8091833
11270474
8889103
8398420
11769584
10787688
9968578
14040896
11213381
8621406
15448264
11185388
11606788
10940872
11047213
11326095
19596986
19465024
9734038
11543126
8499090
15190498
13815992
14189611
11076090
9049499
8730577
13781599
12381540
19705550
10983688
11680248
7080025
10969829
15052331
6954595
7283436
14570374
12643369
8733560
13819988
12343089
10995127
11678000
15089698
12025876
9036734
11566501
10189184
11839282
15101848
11475276
6933392
10954616
15677818
11672079
9473765
11611007
8575936
9099504
14355284
15495718
14871167
18918564
10847038
14629482
10977825
9971968
17410027
7211277
8893270
11720227
14740404
12125719
6951240
11650161
9523945
12444319
9393588
15078166
7111041
7551578
7678947
17503793
14566572
7457970
11706330
23354348
7257246
11735434
11242423
9493304
19484183
19110579
12410897
17485491
11251046
7178520
15610884
11599989
11170732
29458558
14797422
16132730
8998469
11370307
14293021
14689040
11138780
10678849
8208097
11438568
19404861
17107555
18090616
11257802
9359937
18260516
18483205
9155143
14027772
14420813
9427649
11232207
8638077
18278973
9420270
7475522
15021037
13151048
11584018
7235188
10826646
11825873
12279233
7255989
18525271
11432095
15041665
15005895
7549822
14566407
7474872
19600212
8694560
40412697
14775307
19430347
7613563
14946111
14712780
11879312
15687289
14849130
19431538
14928836
15163215
9152087
7557729
10819561
15564399
11143785
19335936
19855064
14582234
12831866
10914152
11549330
9561283
10995007
14553373
8222738
8216680
15037422
11191865
7146366
9240349
15258760
14226983
12742582
7578974
7306929
8310057
15285326
9376733
13994251
9061867
7444978
7146878
8312440
11562000
7484595
13741442
8894375
12502357
24187185
9225277
9592729
34932846
8319933
9240635
7598639
11819618
17573587
9367518
14309016
18699146
8907648
39686111
14353941
40030195
15115567
14667127
12010618
15381133
8339460
7819113
10769693
14745451
15487906
9529663
11743321
20614992
19354206
9275270
10759460
6954607
9064167
11666923
15124693
11088589
10996709
17929902
11774091
12612519
11989808
10891111
15044612
24005450
29167491
7086942
7099344
9068627
9800571
15276951
7445511
12427647
8887340
9243635
24149844
12044455
11884779
9211385
11055557
14866959
11113385
7361071
11794376
8645118
11924838
14745121
11901710
9122864
9857889
18215584
12190151
20141290
11350253
9343326
11217328
11106495
8884626
12506266
11388559
7366788
10729464
11303318
14442220
7044152
19620764
12345898
7059981
18510558
11110057
15417217
14384099
10520789
39509765
7618532
19253383
9229999
9400468
7522927
11157245
11145232
24265569
7206225
12127192
7588847
14060443
7462395
15084146
10950602
11792665
24549621
7837206
15479529
10769867
24359584
9205527
12141876
18719121
12304318
9349702
12045749
10990439
15525546
7336243
7331815
7115076
14230191
12054208
14773854
9102271
10997891
19356089
15362208
10983046
11801129
19767248
13991665
11754867
14883885
8661188
11422200
7197028
11621030
7244642
20434560
11415067
14557070
7162415
9680439
15846241
11916278
11272193
12296455
11977834
9103608
7276620
18197802
7593324
11517635
11858516
10901317
15927173
11425621
18583642
9052443
15186699
9457540
29260752
11127077
25930105
12574098
18291018
9550013
10951031
23814464
19780498
9294918
11246714
7210897
34439605
17819182
9068863
15081315
11035536
11073130
7431820
8991585
19342512
11289332
11092537
9614024
11484781
9360180
24344910
8537597
10040925
11060849
7580550
7286483
17234165
8254281
11752509
7420516
8598572
14579229
39862160
14293289
7691700
14401900
10864548
11055862
15190989
15666773
12351670
11570430
12228558
7518657
9293828
11702857
15005875
14728377
10836304
17589632
29359214
8543034
14400478
14715776
11305090
12264824
24178500
11322292
7705165
7060345
10883734
10153728
11802480
14485169
8458474
11718367
11011908
18343485
17962539
19770893
11083316
11812425
7476352
11370393
15173214
15245284
9247749
7329331
14274126
14700836
13820583
15215140
7016512
8233096
10924610
11933311
9299497
9793653
29230778
13577693
10985973
15152619
7474273
7411934
8066320
11503331
9076468
9142831
19517041
8785445
9536371
9106289
11111235
27486478
24161315
13931044
7076686
11827409
14002221
12363613
11357477
27671992
19505150
19970854
8540965
14987599
9404284
14091113
7170271
14561915
11573417
11660435
9425029
24527496
11235712
9337695
11113576
39818531
12718966
11006163
11240708
18527662
11372319
8124873
11063130
11256280
14181550
18271372
9403954
12153574
9088338
14276366
13748582
11938665
8468328
9021670
9382240
15728076
18353096
9073273
15006754
11919814
7500784
19311511
9866167
11215314
9320717
39681072
11888736
19404077
11597940
11891015
14793165
14293153
10316078
11297660
17595362
15300672
14502027
13988347
8549239
11421434
7240853
7646934
11014909
9688740
15489296
11905111
9080637
7172628
18092195
9180077
8810605
14600110
19525903
10844711
11200207
14681477
9323704
11228694
12368765
10985056
11529312
8936122
7615244
15117704
11458765
7572940
11192276
12144621
12395409
7422149
9480256
7151701
14632887
9248177
14384557
15403928
13812383
18201785
7441971
18433886
11981478
11657953
12047630
7205997
18329645
10928796
11045010
19577277
16200680
11589672
15363352
14568136
14307088
12448309
14893765
18159513
7763990
11888724
11565900
12370839
7007120
10689255
11935873
39787496
8447564
11209211
7099635
7320412
23313588
8137344
8349158
7184400
15511701
14072131
7426187
15453454
7127696
15528011
15446438
10872176
9452640
10878097
14703096
9578687
11798346
13975673
15780996
20021322
7629802
11027509
9292872
7476142
14571268
14548450
11921756
15257038
19301414
19327708
14749660
11520676
17496021
8111878
9299120
8319226
8745235
10904845
11241143
11482914
11538374
7443115
14904841
12093008
7522232
7655385
8978067
8311298
12003709
11854996
39941911
14096209
14878692
9659586
8805807
18276148
15208735
11348971
12630011
15202125
7474579
14436616
10974909
15033148
9532452
11797421
11826339
11627250
14048243
11224747
17723715
14224653
9307950
17399230
11789657
19771256
19892911
16296926
14905105
15103251
11069065
8721387
14425125
13092571
11668153
11584541
15393990
19631564
24440030
12085665
11744475
7477997
7246385
11118811
17339040
29262373
11687335
8361008
7422901
7574522
9799921
15121121
9343092
8913949
11439078
7528693
10874517
9114952
14873692
19931778
7587793
9209738
7170764
11361750
20794842
17618218
15063549
11647984
8353401
11315586
11436437
11474665
15447662
9223575
11859404
15535934
29503339
14248022
11055799
11486189
12194373
15137173
11486059
10910248
11980242
13996792
20524764
13653191
19101947
11171637
15037199
15131873
19259737
11170095
7567669
9644996
11917926
9285088
9387201
18938342
34222243
20670688
9527992
15254102
20448531
23975719
11755315
22942579
9434950
10101403
9327977
8778859
14792896
15331462
14538960
10912370
15565265
8946315
15500858
11076274
40756656
6975142
9087894
7319420
15308420
8280192
7261491
15010669
12185206
11260809
8542781
19770429
24215081
15273310
8975951
15284600
12521525
15191515
6998192
18389825
10940704
11174077
14541321
11572597
20268262
14870992
7269921
18299157
15106751
9469064
18459018
10868228
15632551
10824057
19436455
11716623
9732527
17511918
8490653
9819689
9454685
9541562
7369797
18004579
11661864
11088026
29362561
8358022
15836121
12080155
14849752
18575932
7592080
7308762
15133333
12399927
10713374
19667309
8910301
17950691
8584563
29173998
11857706
12114960
14413779
17364336
11193666
18615765
10859325
12033913
11680556
15187510
6944738
9117783
15703942
9081000
23533318
15550739
7135689
13881812
11547635
11271261
12036895
11382710
20134901
11327053
11648298
22956788
12229250
10083368
8598572
19593219
14512237
11361536
16760360
9489005
10943491
12221800
7046248
9318585
11600342
17956748
15371333
11626991
18242495
15979985
11358380
8415507
8631130
34070438
7141236
14182681
8930259
7423837
29985332
17076154
19750946
7272995
7233911
9095607
25542911
8515828
7176326
11686539
19378871
12756441
13799921
8129747
19327428
11642329
10913433
11026475
11126425
18991808
9051855
19308693
8385922
30148936
11869351
14254232
15044544
7591580
14530049
11281613
9692960
11718837
19704312
15287423
7132258
11126888
8450473
9281100
9197301
14720960
9363704
7167008
7053671
15113589
10954909
9043393
7316051
9690822
10683154
10895705
34033901
14923916
9777950
18437422
11230397
8566648
15012262
8679077
11078497
11129589
11581335
11881819
11219619
11625099
11185881
8313586
18576124
14838075
9028954
11465145
7307499
8063533
14707049
19389486
14828719
11430161
8995601
10913132
9248416
12272773
12363553
11694665
14742078
11129948
8473836
15226489
19376898
15114741
10865720
7432012
15022299
12732643
30484515
14778452
11121028
9410160
10730146
12047362
19283669
8356851
23405945
8700450
9236629
8619421
7623835
8310434
7287030
15505116
9197896
11540791
19750342
10887334
7543057
11599997
10959206
14354945
19741649
8092735
17475702
14508945
9166661
14925620
14484995
8627732
9954894
15063497
17812105
11616409
15128203
9142338
7207034
13700027
14011575
8942078
29158052
7108793
9668207
19184842
14656032
8690616
14946937
9087554
34543700
18537827
7513813
10979421
7138679
19326287
11661141
24435874
34214846
9494820
19813319
14740222
9074620
11112845
7736264
9232505
15141028
8930915
15379484
15292231
11584704
7182423
11158627
27316097
8977963
9596195
11836022
9670976
17809374
15247270
7646615
11717745
7042505
10183072
25475049
11460629
11268075
7650975
14974554
20058205
9305653
17236061
14104391
10996231
15097359
11082569
14815743
14418421
12069808
20519080
8260297
10964975
7423990
17359706
7287138
14716105
9211430
11762177
27017323
11455174
12025309
18246701
10906686
9159001
10971301
11105218
23419202
25627121
11643339
10824995
10928223
18546789
19366553
14877319
12261714
8225225
9326400
9627605
13981781
11817664
12784361
9661823
23489326
9602317
12704804
8998201
14280339
11599724
8044974
11514266
29019235
9176591
12012057
18120979
8057939
11492872
19301680
18039331
11019635
15285044
7106179
11797293
11079034
11232229
12394075
11555167
15091132
11054277
11896583
24723860
9555126
7550868
15123975
7476688
15599659
15254380
14046483
8600390
15019200
8781066
7010910
9703281
7258671
7082642
11925238
14780527
12217683
11102877
19194066
15429973
18178779
7194584
18248190
10934912
11579452
11352339
9243230
20620943
14799555
10982294
9048439
15713958
18568326
14791685
15138606
20335997
11255040
10709315
9078104
6925331
12297040
7239054
14965538
11964707
11647966
8681800
7711801
9108585
15090090
10865848
20434687
8977459
13909231
7645489
18256971
18009054
8319543
11620897
13896648
12203400
14846294
8611756
11476693
11105134
7188915
8657997
11038525
14656197
39659543
9383641
11217605
14608422
10954084
16268585
14880361
15384381
39346400
12654511
11063330
8198107
14272507
12639502
9784063
15537320
9064864
14782325
15093034
8916440
15042732
11180227
17341338
14949529
14788056
18885644
17305112
9149988
13852724
19199015
11025948
18862161
13622648
15189465
18570914
7422392
12498169
14643987
17904646
11066114
7462320
14635127
14027111
15153812
14145184
11263770
15309257
11585361
14417509
11397568
9386985
12669424
19621306
17616752
15495606
15173260
11078104
12358240
8928993
17583197
11678187
9622321
11325547
11385126
14086878
11278927
14377359
10805658
8289841
8269014
11528510
23039296
11392432
17931132
15799531
9483789
11003874
39714684
14357590
11724060
6989790
9437973
12248242
11345036
17801663
12414492
14780182
14704517
23461173
15469449
14078851
8513107
8547120
16251736
11558923
11236529
17974282
11895063
10902793
9684378
27078516
18061988
15066796
11235110
9548091
11675728
9913187
9349050
7729375
24703017
9233533
11760562
11347684
11251850
14725088
10683764
28848269
15017593
9799713
7665316
9560784
14950829
11436210
11790900
10623494
14511954
15289671
7520709
8853022
8583078
14237522
7692864
8838091
12077131
11023315
10814069
11934676
12254962
14299258
11180376
19434407
9914670
7018863
11287072
10940961
24109321
14484200
11868590
8891854
18178622
7488893
10941226
23024339
14016873
15125625
8063139
11088905
12394257
11268950
9064250
15416405
9525219
18134097
10973233
19318773
9610749
14745677
8553419
11010910
15572022
20512011
24039778
7601245
9433091
11745834
10948910
9682239
11821303
14056911
8879282
17148894
11456598
15046220
7105958
15403210
17966768
9627954
12016593
11481569
10908365
7447308
11892774
8939160
9069687
10946470
20010191
7525603
14774077
14790042
7210610
13830015
11966995
8752570
15273980
10902708
12737633
27101823
9425503
11994721
10801248
15161006
13711839
14991945
11969215
23953980
11828490
9384139
10968503
10849886
14929965
14099746
18070796
8239236
22931699
10702571
14114673
14593086
10093194
14520561
8489461
9346344
19735559
9321458
14906148
8919937
17743624
19222102
10862860
7198990
11994732
8615999
11165265
6990560
15399560
12028603
7373409
11931196
9706925
11159750
12309350
14907148
11442130
24125721
11095205
7109380
11254504
15160751
23308319
7528579
12318371
11587837
15496103
11643376
12096578
7193609
9355668
12187135
10888016
9049121
19595380
8847876
7241338
9421453
11424031
7386315
11051875
9728378
14376433
9459133
14386132
9161468
15347497
15658280
8449646
15196849
18081688
11603280
11265056
19658824
14109624
19920568
19152182
25123875
11188742
14472114
14092977
11354443
7687698
9142877
18008661
9090084
10777672
12021350
14999781
9587461
10868329
7056970
14536930
10939108
11638590
8701313
15169702
19426647
8439242
14673149
14892594
9399133
11223459
18404120
11040029
11032733
9233302
7424638
23514873
10932297
11608310
29974698
15011139
10749870
15681605
11075980
16253985
9651044
11405978
11896624
11887208
11146699
14815149
15473464
13897488
19221702
17362285
8977088
14389464
9299351
11856994
11962344
17998268
9156287
11439574
8195061
8513170
10664717
10927695
8664723
23253144
9538483
15132871
22791936
34652156
14109640
14271167
7599091
17112563
11162078
13907906
15794249
20275185
6939632
14245520
12303138
10913780
15193756
10893038
7039857
19123938
8585194
8229890
9237735
28881641
11037698
9070335
12361690
9305813
11687513
15220077
14637507
19844172
9396750
9870857
20371751
9422596
9188616
14458395
14075850
11884907
15007332
11615734
8825828
9154293
9241732
7639859
15623473
7456271
11988732
19518382
12089345
12800824
12119944
14811342
19393692
11061374
9036749
9000583
15434250
9283647
7222591
15710409
15198459
7567768
12327639
7070797
11068875
18730067
17420637
8927995
11412418
19738658
12040000
11494416
8180226
12189951
15009503
11950727
8095538
11046072
23920720
9247671
15360876
7530821
24129049
9692012
18370357
9986041
11428732
9778705
19688240
14853511
15787426
10958298
11660511
23868763
14688124
12133624
7138419
23793549
7475544
10914067
10884832
15099780
17656453
10910244
7027681
40016616
19890214
10936299
11055543
11091848
11230428
18701522
10891707
11638866
14776694
19201736
11632753
19762995
29629840
8715477
11175305
11795172
9473962
15623572
11983182
7466368
11800999
29001767
12125862
11487074
9739608
14676556
15743796
19596834
10991353
15511846
8922376
14145933
17448762
18909356
11051932
11521968
17466379
12277561
15893932
11948535
19973004
10680161
11314755
11568924
11952475
15128515
11095238
11369114
10879525
7718517
28878764
14826801
11477955
11515778
12202450
7560086
11800051
15175009
18152962
15168124
11165641
11509732
9280203
39907761
11015176
11657685
9009313
8903868
15159825
19522394
14608087
7261433
14313988
17458147
11873439
8727688
11984303
11577238
15350153
10736796
8613495
10946380
7131349
12094328
15216170
11095565
14215087
11730903
10935700
11015503
11323367
7424935
14925591
15446536
8958342
39538367
9035027
9291198
8574603
12214426
14951238
7238319
14934209
11808095
14240560
14032174
15563457
16267526
19253153
13709544
14549697
7171785
19722285
9130638
8121315
9597449
11119955
11345626
18331324
7259099
18869532
14605550
14108807
15494238
19267967
7235190
14972511
9069197
7177758
15020226
14597166
12187469
11375991
7301113
14195538
15970450
10900243
11452801
17853866
14505234
10916770
10989444
9911193
11533737
12672952
11920022
11638591
8834894
7473473
11598937
8936207
11276676
8518215
7019993
18141911
18394177
17733666
11400147
10849243
18538794
11747761
39918090
12337563
7450810
20593716
15648356
14749262
7717099
18475566
14394276
11101594
11723835
11101114
9718852
15733751
18531922
10998731
8608220
11873042
14417568
11441877
14238338
11687850
11216129
7015472
10490743
15298036
8196447
18388671
6975705
12515846
8291460
9233344
7693490
7164580
15226816
9579015
12013319
11708799
11190237
9001054
8534065
8794905
15742673
8311694
34138551
8456711
15236350
19604921
15164527
14050059
15345388
11341585
10997962
11071163
8585285
14972470
9009965
11505156
8895745
14863081
11593692
14527827
39975849
15347259
11506328
11156657
23963884
15716865
23201335
9620776
7170483
10875390
26372364
9018541
9083814
11570671
9794089
14685105
7528279
15119543
27211332
9612187
11404449
14645596
9535865
11736684
14401556
12059147
11049368
6989771
12516537
11995474
11028592
11512502
8856148
19839002
18641652
10676897
10455553
10693977
15079769
11811414
14545686
16218362
8243588
11517853
34234427
19503748
10906885
19885140
13690970
11907201
7630471
19799935
15080798
19508416
11800129
19591054
9068187
10838524
7784241
10039291
14551735
12655733
8318713
15357014
11526983
9190863
7251852
14496672
29128231
11369266
11500194
10885117
8806939
11038625
8869653
14949016
15889527
11714732
17719469
8698588
7416975
11960675
18341355
11654835
19156701
9235488
11788821
15228053
10698659
12517635
10973656
8905838
12044884
18593338
15093538
11010451
9055883
8236636
15109554
7649203
18815238
11119116
11140604
12436730
7255778
18230272
11628981
18278025
18061751
8552576
23426744
11682855
9154161
15572425
12507552
19123485
7456781
7652766
10922250
15154588
9206947
11086386
12387208
9225730
9628128
10849736
12182011
18547950
16038724
20244039
11409526
18584922
8996481
11245399
7494594
7198478
19638814
11548655
11889327
15116519
15819918
11175995
19187542
7294118
8756249
11885541
9106998
10868345
18647049
14875291
11641518
27009384
12068914
12280461
11078470
15218411
9129739
7407691
19876549
9628996
8628331
7003287
15927343
14289137
7374224
9226047
15682720
7741838
12606646
18454143
14902165
18240083
12232080
7026494
11631597
15132653
7031020
15141962
8979580
7506037
6884115
11738681
11208564
14517327
14620673
8227300
10856764
14475009
7548113
11473014
11851343
9269073
8615126
9755647
9104741
27368454
8129023
13845928
11592716
7047402
11159761
11791238
11454687
9636737
11455440
8891862
20448275
11565118
11182170
8298614
12379014
8930794
8611686
11201345
27494204
11640083
9718512
11587784
14833188
9791475
8554562
13864394
15635675
7242454
11362510
9647566
11555507
12182346
9081415
14854685
14493883
11481196
39466761
11591567
15052919
18849521
7282261
15080089
11397239
9169339
17991026
15321910
6984193
10678882
13207816
11702456
9378349
11172521
14819879
12004943
14266032
19277997
11644419
18522570
10822232
9426597
15593543
11740034
11242895
11631944
9568212
14937306
8168952
9036268
11317426
9225111
14844966
13912292
7629699
10775795
14519209
11834432
11203575
11581109
7115899
11774378
14950440
11926225
19604530
11325643
10928647
7023296
7280195
11407938
11138526
11643696
15711100
11920408
8615825
10926398
11188585
15377255
10627405
11398418
33993914
14445629
14863482
10873843
8989275
11814979
17921941
10781742
12607110
11660038
9548853
11139366
14895907
12159690
14237118
19314048
11605140
18588362
10683879
9627520
15561918
11617313
11164707
11670767
9623089
14847413
8277237
9123544
11324083
9152021
14742649
13847829
7541394
10854840
14527195
11895303
11039848
11436608
7214292
11749235
14871946
11814442
19572302
11345448
10839599
7105042
7195507
11463190
10934064
11653961
15727552
12173767
8726546
10973347
11136543
15239277
10641016
11951427
34191525
13761474
