11138784
12958138
11676423
9641846
11457269
15068809
12056439
14425126
19559452
11573626
18711808
10722829
9569249
15455256
11591942
11232960
11691486
9612249
14904517
8245227
9192007
11296831
9251893
14802185
14019012
7593452
10947540
14802255
12050434
11069955
11740727
7236154
11695505
15076321
11960090
19783631
11761244
11124311
7241458
10809030
12427288
11542297
9546582
11089145
14826899
12067349
14283435
19572336
11587640
18613515
10709251
9616402
15424168
11582206
11250128
11851514
9598783
14827248
8222160
9116321
11256312
9182686
14879739
13753739
7568731
10842936
14550291
11863833
11022434
11587986
7268566
11687028
14558292
11914609
19711921
11248036
10907493
7096057
7184745
11553530
11128073
11686477
15908331
12108549
8892723
10877192
11405376
15389562
10787393
11043852
34085954
13767524
15044612
11063625
9200592
11873487
18066684
12523383
7523626
14273848
9864779
7331436
9195865
11184973
9071846
14145763
15394888
11950001
9047136
14882258
8362917
11685498
19949650
8216434
15492419
12037924
14649779
15450816
9003772
11088081
11983606
11674634
15329337
7061164
14959521
15715614
9377333
9395521
39349117
11366598
9311104
15608158
10995199
11183407
13912185
12065253
11148313
18470033
20639047
9528947
15378421
11258601
28915187
8322416
11225004
9436528
14711613
7740263
8837850
8955049
13725561
17301383
14649646
9302647
11128847
14697088
14703434
12002869
12131939
23425028
9758384
18395364
8734207
10796409
19487741
24130549
34210997
12108909
11955968
7091311
18148039
39763784
15096710
9805508
7591182
11146096
12355092
9393896
11175531
9380369
17719350
12187955
17552201
23447012
18396782
13937787
14080687
10672690
15881025
14153740
8254538
11436162
10750632
15313157
8275959
15575012
10719218
18313603
9480984
11035607
7195220
9690723
12238443
18443734
11575340
11998830
12420487
34178576
29916912
13290789
7504924
23120945
19033036
15131570
9220324
18035284
12185632
12018130
11821733
19913403
14904590
14838506
14087202
17842957
11947121
18506477
19546428
15162367
9732575
14649681
27695167
9873190
12555391
10853101
7705635
14092032
7587904
11089588
10942904
18144347
15008167
15748654
15277006
7140126
15489124
11413103
17501020
14993010
12463052
14953160
10806041
15132089
9378003
12339429
9365481
29376816
8912356
14637809
15361751
14632488
9003275
15483429
15368011
7591791
11615622
10986877
14878301
11526731
11213939
8384683
34649136
11822259
11173876
15760206
11552913
11574488
7480727
14497399
14949703
34514343
13863585
11097037
11165580
7662724
9927130
11098786
9291793
11044549
9035376
11656574
14083208
10748375
15689175
7458989
7675542
19502868
11073272
7078956
11229901
14855777
19265287
11115935
7679398
11123432
7593927
11074197
39450680
9665613
11762968
19483628
11659890
7606572
12433511
12072429
15863407
9650016
15097379
15169207
19384010
12387546
9439294
14256222
18131877
7431346
10865235
14171469
9803234
18471140
39925732
9893037
15274916
19022249
15285081
15158330
10847543
18211292
12325653
10013745
8532749
11200297
10011266
7151604
17582928
17418773
29295494
19736331
14955259
14864420
7121583
17986376
11417755
11010566
9085367
7609042
11885540
19879115
16303510
11689473
9031947
9249099
23239793
7657452
17703595
16365508
11285739
11948682
15067220
10936470
15742991
9770576
11717809
8708874
11156038
9874414
17911170
11320335
16314742
11504598
9403044
11340962
10735788
17366231
11162868
9292686
10985311
7346826
9696096
11702984
9042281
18596887
15354552
19316473
7522282
17482217
7422648
11701775
7188325
7570004
11451249
8819562
20136069
15680203
9298660
9856692
15582126
40037750
9538364
11067034
7374546
7570229
7530207
8291949
11655668
9315906
8943716
16258896
8371395
8341698
10935272
23591698
8365643
11058975
11941003
11560021
15499456
7353459
12295461
11151116
12093410
9291422
9179455
11167345
19689617
11949113
15185238
10749747
15547356
7492843
13784647
19821612
11810690
9215762
14614455
7682351
24821276
39800780
19946953
12238222
20063307
10804580
8865319
8990030
9369185
11054374
14039260
12032825
7405728
7449137
9498522
7640501
15761164
12134742
7646857
9846633
9225133
9931575
19394772
12162258
15794553
8677883
11635617
34660628
10790025
15260818
8741074
9629726
14753719
7248549
7303805
19581502
9581908
17596009
8986248
11227538
14950947
11945791
10975135
9569093
14457937
14424015
8412194
11335526
29504488
11202060
7607474
14787025
8242406
15117495
15184729
19834133
14927667
11032081
11263686
11107141
15027902
8254266
15147404
15435581
19835297
8434629
7679363
11834163
11088754
8711919
14042444
12233465
11824416
11598637
14838178
11235969
7136515
7201072
12767953
15260834
9335494
11271485
14209346
11031236
11163068
12677789
15086604
15564030
9187319
12154126
14888862
14729119
7190840
7547036
19580336
11918390
8204038
11355562
8959979
8550490
11892831
10865137
10048878
14134294
11281810
8702782
15535480
11269767
11691227
11016091
11128209
11396321
19691158
19538245
9837037
11619145
8544925
15263310
13912561
14260443
11149230
9137246
8786285
13869103
12460078
19779513
11053944
11752374
7154926
11046848
15141777
7064608
7390049
14654072
12712960
8801416
13905069
12441865
11074642
11751380
15163632
12157464
9152443
11655627
10317792
11919221
15209834
11560683
7007198
11027302
15791109
11800230
9553670
11724741
8619706
9176014
14443360
15573405
14978700
18999861
10924746
14715261
11049870
10063059
17485840
7302012
8965429
11803163
14812546
12196148
7040098
11758196
9597728
12521351
9481464
15150316
7209217
7624669
7764612
17583843
14641632
7533858
11802104
23434907
7328945
11808940
11328439
9567842
19573614
19197332
12493244
17563966
11321969
7266153
15693502
11668509
11250124
29540765
14880763
16246924
9080215
11455030
14368101
14768145
11218256
10764947
8304693
11532886
19487163
17188582
18181904
11355961
9444565
18338249
18559446
9231964
14103900
14486608
9526523
11341149
8715834
18369642
9539745
7569539
15112109
13241166
11663135
7303813
10899011
11901025
12389028
7326036
18609777
11513478
15115503
15111393
7644502
14642087
7546754
19685912
8767955
40499307
14866629
19511233
7681823
15020383
14804645
11965403
15788173
14949854
19504379
15000224
15244987
9217696
7639686
10895314
15655366
11211652
19419920
19931186
14660749
12921021
11016894
11619445
9640609
11062462
14625645
8310818
8299280
15160648
11287885
7216555
9312524
15336827
14306907
12814414
7655054
7426961
8383108
15372641
9447748
14064021
9144868
7532893
7225099
8393827
11665651
7552204
13810145
8981177
12579771
24298002
9307007
9668845
35034574
8393070
9328512
7677998
11908854
17654374
9451534
14379424
18777273
8991649
39765875
14442099
40122863
15202541
14774508
12095856
15451455
8460181
7904484
10850599
14819711
15569447
9621631
11835602
20718364
19433396
9339601
10839282
7045310
9134777
11732347
15202397
11178963
11081414
18011703
11842832
12707616
12062037
10961174
15135720
24094447
29232621
7199057
7240628
9138430
9915305
15355653
7517189
12502289
8976714
9322937
24230019
12147911
11956405
9312185
11124447
14959158
11198176
7431984
11865929
8718087
12016860
14840529
11972275
9197910
9947573
18300682
12260552
20213784
11462546
9439475
11329412
11198566
8967911
12603831
11481279
7434007
10803752
11428181
14542683
7120688
19732581
12436185
7141942
18586656
11186045
15489717
14471578
10589627
39598823
7690736
19339056
9302917
9479101
7596097
11225579
11215559
24352928
7272880
12206467
7672082
14131530
7543176
15201584
11026291
11887751
24627917
7920414
15545981
10843954
24454115
9300271
12232647
18805961
12383130
9453677
12124653
11075225
15611602
7418250
7410324
7209467
14328167
12141049
14852713
9180184
11083377
19437112
15459854
11054971
11878168
19850381
14071472
11841782
14964687
8773068
11521886
7269098
11699261
7316760
20511433
11511767
14648345
7251097
9754840
15925278
11992587
11376366
12373253
12061336
9174855
7348888
18283844
7669753
11620711
11932901
10980881
16010534
11498619
18674494
9122459
15286899
9530395
29346918
11211738
26039815
12670426
18387502
9639426
11030287
23904831
19883123
9376963
11318438
7285063
34528817
17903758
9157894
15165888
11107297
11152253
7518238
9057873
19426142
11395454
11181679
9693113
11558526
9442361
24430793
8635370
10126128
11142048
7651063
7369957
17314780
8369276
11849359
7500945
8689104
14654219
39949906
14363565
7781577
14487918
10971055
11158766
15272983
15742042
12429517
11643583
12333051
7604623
9365317
11772750
15118563
14810612
10907825
17671815
29470870
8598672
14471213
14790647
11378494
12362206
24258851
11394293
7777874
7133865
10956780
10224540
11890520
14559849
8567876
11823733
11083704
18417196
18040729
19880242
11181665
11889869
7555265
11438134
15283696
15360774
9335250
7401021
14356267
14774349
13902734
15299442
7108896
8386252
11006876
12007133
9371112
9874503
29323717
13644659
11063052
15224634
7574742
7498577
8167854
11572768
9159824
9217499
19604375
8877503
9649454
9222469
11197417
27583428
24242506
14007735
7168393
11909860
14078115
12444089
11445427
27776383
19611034
20047523
8584449
15068945
9477173
14168570
7258901
14648107
11668734
11733337
9501371
24603422
11330552
9418364
11189532
39910462
12796167
11077747
11317845
18614647
11442897
8210446
11143053
11359401
14277620
18360642
9481545
12228488
9162022
14355312
13837818
12062750
8552760
9121372
9470071
15805578
18428370
9198835
15085784
12006369
7573792
19418172
9965332
11316767
9427378
39815941
11962217
19488709
11693778
11987660
14901745
14417086
10416724
11411143
17723898
15374243
14608247
14066009
8664937
11520612
7358492
7753870
11112683
9795213
15587859
12025969
9163362
7248939
18204291
9275633
8884377
14740751
19624776
10912375
11318607
14751917
9404086
11322213
12439248
11096617
11641370
9017797
7687667
15204122
11530667
7649160
11263813
12218503
12506895
7527120
9565809
7224954
14700575
9315070
14453499
15490086
13907554
18324862
7553448
18521595
12059111
11730552
12142294
7288921
18405549
11006493
11117992
19703522
16296736
11666594
15433315
14666566
14380563
12532663
14972056
18248900
7874192
12005690
11645623
12464122
7086884
10758095
12009341
39892622
8505927
11299847
7200305
7389869
23404718
8215410
8431529
7263415
15597218
14181968
7492187
15569940
7239817
15610324
15519397
10943206
9537928
10949548
14791591
9704750
11909914
14076441
15855482
20152571
7745032
11108693
9374434
7580363
14682246
14646162
12035882
15340918
19419316
19454054
14845212
11600816
17623497
8233488
9376656
8483038
8846586
10974892
11320976
11551700
11623942
7556249
15059604
12191526
7623910
7739341
9055285
8381582
12082629
11953237
40033575
14193858
14948989
9774546
8852023
18376312
15300820
11441607
12706702
15274429
7560973
14522741
11059696
15106791
9610631
11882072
11909447
11705448
14138134
11300883
17792779
14307958
9393857
17497856
11873855
19867411
19970732
16389122
14983598
15187819
11141438
8853756
14498845
13171715
11749672
11675867
15469446
19702148
24527318
12167051
11814906
7554123
7348567
11208042
17431012
29341786
11791590
8458505
7508237
7673448
9879410
15211716
9417597
8990643
11514507
7638398
10979028
9198039
14953694
20010093
7655036
9296996
7237851
11467028
20865196
17693798
15134748
11734609
8443954
11418510
11520342
11555486
15543724
9312916
11944213
15623894
29618015
14327830
11146891
11575413
12267184
15207028
11561905
11007789
12053582
14088079
20601042
13741711
19177955
11250906
15118279
15262448
19335950
11238782
7653131
9716862
11996992
9356341
9504361
19005923
34307572
20781585
9630462
15362288
20589202
24065060
11833087
23074579
9573715
10188136
9439887
8856142
14909080
15467000
14624379
11017059
15671866
9047357
15623583
11189210
40861743
7085382
9199654
7435715
15417892
8428741
7370867
15118252
12305480
11369784
8651030
19870513
24347244
15404313
9086932
15398582
12628244
15296372
7110918
18517464
11038756
11291409
14659387
11674976
20410352
14972033
7375424
18416572
15216876
9578114
18602125
10983080
15743657
10931515
19542442
11820907
9881862
17626541
8608929
9922567
9570187
9625014
7499295
18127249
11765451
11197389
29480720
8506717
15966229
12180494
14923339
18699405
7688378
7411225
15245213
12502655
10813532
19789360
9014155
18039332
8687852
29264740
11971826
12187757
14514507
17472754
11341971
18726459
10933289
12157219
11767733
15270983
7014196
9221035
15777781
9195722
23639785
15634582
7246511
13959856
11635122
11348501
12111579
11487322
20211441
11445914
11725927
23061980
12316900
10166229
8676562
19683483
14615929
11440549
16885967
9562979
11032761
12344650
7117206
9390466
11671026
18077240
15473683
11736257
18325433
16064678
11452329
8513980
8703337
34146672
7214111
14279205
9004052
7512624
30068443
17152664
19843158
7352387
7300374
9187118
25628165
8561878
7255403
11756812
19449787
12862302
13888239
8249292
19409155
11728534
10992096
11101981
11219112
19069754
9126238
19392868
8464777
30233191
11971592
14333807
15128586
7682293
14610669
11371120
9772954
11801423
19802538
15372353
7207575
11211654
8545361
9354922
9281422
14801402
9482704
7252084
7132547
15207397
11030381
9125808
7405084
9767492
10775255
10973924
34115914
15006574
9852223
18523873
11322049
8644128
15096777
8720015
11164604
11236288
11664237
11958509
11302845
11709774
11274875
8386826
18675189
14915204
9125266
11550710
7404789
8140831
14795102
19478348
14914034
11545696
9070314
10996646
9325720
12355362
12448220
11794910
14838107
11211144
8565828
15308940
19472460
15197749
10958235
7510829
15111729
12812759
30579090
14871778
11214961
9489269
10826048
12132869
19377392
8434731
23516084
8787030
9330512
8703605
7705622
8403896
7368260
15601775
9278491
11624304
19852624
10994561
7625112
11676810
11040990
14458732
19823074
8192602
17557289
14606972
9255413
15024802
14578835
8681640
10048728
15145569
17903691
11722045
15211282
9229747
7279306
13776746
14091300
9025720
29253468
7177665
9743361
19264688
14732234
8782839
15029652
9174250
34638481
18633806
7595559
11075752
7208988
19404183
11733620
24513913
34296232
9580545
19892413
14822626
9146568
11194056
7810885
9314401
15230745
9002509
15454838
15376938
11659871
7287378
11260659
27412684
9048791
9689233
11919236
9741298
17883741
15337026
7734397
11787402
7120156
10262230
25555825
11556610
11345445
7746222
15055968
20167716
9378226
17310917
14185715
11086321
15168685
11160955
14887777
14499774
12185166
20599721
8344937
11042955
7509879
17453150
7359700
14797735
9296046
11849056
27110663
11525231
12099151
18320818
10981076
9259892
11045503
11182073
23502322
25719671
11737878
10929478
11001683
18637694
19458466
14961918
12353155
8315379
9404235
9699792
14055949
11908678
12869163
9744937
23574124
9674432
12777650
9068219
14388129
11680201
8154449
11610015
29131657
9253580
12113114
18211847
8144717
11573885
19382111
18139926
11103562
15374078
7191523
11878679
11149065
11325864
12466531
11627070
15164723
11124545
11986765
24805006
9641006
7628246
15230043
7549610
15681651
15338146
14137936
8680669
15101421
8825057
7091918
9787714
7337710
7156479
12009724
14860263
12295547
11179873
19275741
15513454
18282264
7271535
18345919
11012205
11670291
11430848
9320060
20717616
14877608
11056862
9123306
15812268
18651444
14873584
15234538
20432853
11339717
10783049
9154763
7002743
12371665
7312178
15067720
12040720
11732374
8760739
7781045
9185286
15178980
10949756
20530215
9058318
13989504
7726029
18342407
18092757
8398583
11692068
13993825
12286997
14926471
8697459
11550155
11184400
7264618
8736288
11116626
14752002
39766309
9453088
11295778
14690476
11065368
16346287
14961598
15533084
39423561
12760259
11136732
8303216
14372499
12741510
9866586
15643443
9164802
14892123
15202272
9011327
15131074
11281409
17462182
15043979
14889783
18963920
17427816
9221553
13938358
19278561
11111286
18947381
13729489
15271228
18702958
7516914
12580953
14739876
17975459
11150269
7567820
14755145
14103645
15251275
14227688
11393434
15381501
11663293
14502479
11480046
9504085
12748878
19736026
17713358
15624086
15246458
11163297
12407523
9007502
17696296
11754809
9703458
11412290
11452280
14162254
11350802
14453991
10910669
8463424
8448651
11615074
23132183
11474271
18020133
15898360
9564240
11071529
39791832
14435914
11811139
7057535
9505944
12324965
11414782
17892242
12497266
14865493
14801473
23545918
15552150
14149918
8553599
8650368
16335679
11642286
11339623
18049238
11966637
10977719
9761318
27176141
18143569
15143780
11311223
9619527
11765295
10012147
9436493
7816768
24775979
9318304
11830421
11426596
11350539
14809581
10753456
28939003
15108303
9881809
7752367
9658549
15026236
11509416
11871048
10697260
14602576
15381326
7609896
8926490
8631523
14320135
7772859
8914375
12159874
11111076
10883949
12015809
12336261
14369717
11252944
19514984
9988992
7112146
11357496
11005188
24203241
14560731
11952393
8962691
18277102
7577460
11017103
23117434
14102419
15206561
8158243
11186075
12473803
11342474
9142190
15503447
9601029
18216460
11059076
19429098
9700540
14824291
8636913
11085550
15672365
20607070
24126846
7682156
9507138
11829207
11023029
9753457
11893791
14160644
8957500
17226181
11547105
15119940
7183555
15500756
18069206
9708551
12099256
11556359
10990531
7522540
11975127
9017639
9149123
11035453
20085875
7598318
14852016
14870257
7283044
13923326
12043988
8831173
15363971
10977519
12829249
27198859
9521685
12076053
10875205
15245931
13787339
15078986
12042530
24032230
11902884
9457066
11047319
10939307
15020373
14170624
18149213
8329587
23015827
10803597
14195023
14681956
10186209
14609619
8528100
9432868
19817245
9417065
14979869
8997051
17819581
19295660
10949282
7269298
12073676
8690399
11240346
7071366
15491089
12111672
7458427
12028291
9778061
11263435
12381854
14987015
11530795
24200760
11181736
7183807
11337425
15229954
23387839
7605531
12392900
11662084
15576648
11739625
12169081
7265743
9427834
12309529
10963712
9136124
19675662
8942354
7316542
9511106
11491747
7457963
11129345
9824292
14451155
9588139
14469927
9229786
15416294
15734883
8520823
15280746
18221511
11709194
11370261
19731714
14190564
20001282
19226678
25220958
11270159
14551113
14167969
11454617
7772505
9223972
18113959
9160655
10859954
12108079
15068034
9658109
10958441
7189553
14609198
11010741
11707909
8771470
15249591
19509078
8531747
14756326
15030960
9488896
11313555
18495777
11118071
11127403
9311089
7508073
23590396
11034642
11686532
30048355
15099708
10821918
15764810
11158165
16336338
9729874
11491904
12022346
11970864
11213442
14891511
15546453
13991004
19302436
17450635
9067155
14501874
9377291
11928597
12067962
18084936
9231682
11511542
8286969
8559537
10768778
11000223
8737733
23326378
9656746
15225220
22874179
34733513
14242079
14358770
7698606
17198883
11243162
13973737
15894005
20345875
7023753
14336772
12374835
11008899
15265392
10963354
7107868
19206722
8667347
8338318
9308423
28956938
11150551
9138123
12459230
9372273
11759579
15317424
14712991
19928546
9487015
9989170
20457260
9490791
9259188
14529155
14159265
11995624
15082634
11692363
8902694
9237321
9316204
7736344
15699648
7543343
12060532
19604081
12185060
12885494
12201594
14894543
19474076
11141752
9119047
9084465
15509457
9372901
7307014
15795198
15282500
7642786
12403306
7147264
11139101
18825962
17491113
9010939
11493776
19818057
12112747
11581971
8271520
12269764
15079119
12017169
8193941
11150738
24022571
9319687
15443365
7621583
24208258
9768012
18441035
10097173
11505594
9864611
19759810
14950679
15860930
11043325
11734726
23944263
14758160
12225812
7217499
23870209
7569195
10986863
10977402
15181552
17740164
10983980
7108010
40101416
19988062
11007106
11136257
11155552
11311447
18774378
10964772
11715540
14876733
19300865
11715880
19854880
29710264
8802755
11258455
11881668
9557334
15706578
12053005
7543722
11883095
29078276
12215158
11552397
9852253
14750542
15825360
19678377
11074144
15611668
9009565
14227163
17535178
18978677
11124477
11611462
17535344
12371818
15973165
12015834
20051688
10793710
11387903
11651589
12034703
15211711
11165979
11443825
10949835
7813832
28979125
14894890
11556193
11594765
12304688
7668016
11873888
15256226
18235017
15246128
11252944
11589402
9368823
40008902
11083724
11728499
9100739
8986356
15240735
19624571
14681120
7333732
14387229
17541654
11953292
8813834
12055216
11646704
15424974
10812278
8683324
11015608
7213892
12166843
15302330
11172913
14299294
11826033
11015845
11115085
11398867
7498158
14997277
15521469
9031421
39628409
9103266
9380771
8637160
12305774
15024319
7304050
15019105
11896976
14306154
14113076
15646316
16349529
19334896
13802124
14627381
7245643
19810492
9211511
8221278
9672439
11216636
11429339
18406474
7330455
18944110
14700673
14187721
15590840
19347395
7305888
15054532
9142571
7270631
15107322
14672121
12279771
11446030
7374476
14264613
16061598
10984801
11526406
17934227
14593010
11008500
11058352
9984058
11606041
12796751
11995837
11717006
8904018
7561176
11676268
9008449
11359471
8591822
7099692
18216395
18477357
17804503
11470607
10931505
18623283
11819670
40002343
12448565
7527722
20682137
15739488
14834321
7788804
18558711
14475605
11183048
11806321
11197868
9806319
15806550
18618727
11078051
8683359
11970440
14495992
11527523
14310633
11768983
11294457
7082571
10562526
15368543
8298242
18462512
7084892
12587892
8435512
9347029
7777037
7266136
15297415
9654341
12104236
11777508
11265991
9090822
8608318
8875639
15831560
8394506
34219282
8551096
15335294
19679464
15237505
14118928
15436292
11433492
11086720
11151416
8629622
15058543
9079372
11581231
8944574
14946513
11677528
14601036
40061465
15434776
11585535
11257843
24036778
15810181
23275059
9713982
7267259
10963328
26480779
9095076
9158405
11675728
9885719
14776480
7595173
15228033
27302474
9691560
11473974
14732523
9634282
11812757
14471475
12147124
11122021
7060185
12586517
12092825
11106258
11581128
8936257
19920242
18732769
10748750
10553956
10774083
15162289
11909216
14632461
16338735
8325539
11598811
34311585
19593825
10973904
19978070
13776004
11993552
7749657
19892681
15166946
19595541
11895792
19699640
9159734
10920271
7853458
10125893
14662859
12737797
8473663
15454997
11598295
9293765
7381121
14569581
29210023
11497631
11594484
10992187
8919230
11150270
9023060
15039125
16004875
11787155
17820849
8787012
7494186
12058473
18474629
11763986
19229649
9318980
11859012
15324583
10812171
12593028
11054167
9017493
12139336
18731603
15174805
11109489
9145245
8373952
15211307
7735904
18929760
11238933
11241095
12508015
7320302
18372965
11709003
18422453
18164934
8639399
23541093
11796369
9240103
15656873
12620607
19212158
7574029
7766015
10996613
15277036
9300277
11197919
12472933
9303540
9730904
10923138
12319044
18635518
16175973
20336161
11519899
18672342
9128634
11317567
7565173
7296490
19722816
11625911
12001521
15209125
15924625
11286702
19257705
7387398
8863653
11951917
9192263
10981164
18733356
14997713
11722817
27159670
12148825
12366892
11185156
15297138
9243610
7496427
20000064
9713214
8737695
7074040
16012877
14397821
7469315
9304403
15758335
7824875
12688407
18537034
14981537
18351653
12354141
7112503
11720173
15205892
7109101
15222854
9062684
7580314
6965425
11810216
11335476
14591180
14697924
8308596
10944049
14566388
7652893
11555569
11924823
9376126
8685704
9836839
9177028
27461045
8219055
13916514
11676136
7113081
11278552
11868514
11538170
9715342
11524917
8966678
20522224
11662425
11257466
8407491
12494165
9018514
8684182
11282568
27569645
11718144
9802851
11674438
14909678
9868892
8639256
13956954
15712723
7336387
11433665
9724915
11622573
12265637
9176988
14928193
14567158
11558989
39544380
11671189
15124059
18922432
7368137
15152380
11485924
9263118
18082425
15406328
7070951
10795147
13305337
11787863
9450729
11268093
14901326
12080148
14358846
19356773
11748406
18603331
10903199
9499348
15687733
11821785
11342185
11713722
9644730
15021445
8259462
9110436
11401418
9301755
14927442
13997843
7718201
10857586
14597237
11919109
11285948
11651324
7186816
11856944
15030033
12009161
19688666
11425727
11000033
7094994
7352222
11487138
11233064
11718105
15794256
11988265
8686982
11001345
11275027
15455600
10701168
11471292
34070383
14522181
14937358
10957526
9069091
11898321
18002895
10893753
12700656
11749590
9644779
11237525
14992086
12239838
14344883
19396965
11714403
18673904
10765741
9707711
15665629
11694975
11255980
11749259
9707133
14925920
8378953
9200853
11428135
9229094
14817393
13924921
7620635
10935256
14624491
11979810
11127941
11510343
7287983
11828320
14961011
11897739
19678147
11423470
10912867
7174072
7283342
11537013
11010361
11754399
15809035
12247708
8796559
11058989
11218622
15328739
10736184
12036400
34267665
13839740
