10413420
10811382
10624070
10947329
17810837
16954800
8915808
10769095
10783953
13895293
8424837
8825664
12622344
9395235
10462854
10475698
11172175
10516259
13675588
6003723
10228994
10580781
10963927
9712042
14294023
10413025
12423043
10053608
10795683
11633130
12893472
6541438
9594438
12741887
9783280
13173692
10496820
7198965
10611148
13444760
9883535
11183984
6508563
13875248
7986378
10669594
15192491
10659463
11719486
17702375
8430747
10834233
7780963
9035595
7311646
8713927
16975650
8732276
14150645
11606095
22547779
17351696
10033652
22406311
11767553
6678523
38354307
9148369
9936000
8642874
8278396
11312365
22083954
13141696
9910073
12744444
11053182
14390207
14166549
16625653
10095856
8577400
17353833
11322438
32268785
11574841
22587815
14692419
17526115
11214198
18843923
14256130
17213037
17133845
14401623
13565598
9291674
10182682
13201619
10199673
17550188
15082527
6338218
10360817
13222413
13409585
13216940
11324864
28061547
12779295
13903796
13781519
6747512
10098516
10460367
7143083
10519139
13933073
10248689
13348898
33244936
10409092
6678107
9650263
10265385
10979968
10015154
6072699
16843544
6217851
13556410
9896967
10030922
9797592
8625420
18462821
6631701
10917433
8162504
13551836
10315783
12783251
6233136
12896860
17298064
8650904
18523520
13601900
16884793
8668541
9981731
6129450
15922657
17473152
13367375
17229492
10307343
6735979
18441559
10664227
8662829
6728156
15252418
11217499
9289987
8476629
7627728
9500765
10077675
10868139
10270503
15414025
8507336
6632843
10998905
17757154
17206240
16600534
10743814
6442243
8138663
14359414
8614685
36252139
9652687
6362372
7131096
8092115
14855690
7239838
21142413
9871932
10510885
6573958
10522864
8240375
6678910
10510011
10269685
6801953
18050797
8021388
6614166
36078266
10657101
9643816
8251601
9608708
10881208
6536062
6353268
10900810
9374333
9194142
10637945
7626487
30846253
13423514
8268763
6529973
17157450
15822215
9778793
11619568
9109940
13636657
10612533
9814642
13077797
13589856
19066942
9694906
10675087
7098019
13469256
7221826
10251209
7683923
11142704
10226003
9844877
6261273
14164754
9827338
9927928
12241290
13751279
11229415
12874330
7069554
10444766
9817691
7249424
10465400
13694241
8194795
10627489
9629085
9512033
17580056
10743599
13913838
13163518
7826665
12905446
17591179
10500440
10114275
6759940
14100279
7940885
10950753
10943228
11227849
10111950
11279932
11122595
10165715
11006000
10229451
8373210
13788896
17215387
13314192
8973176
6630934
10348446
10834096
10544237
11780320
14585205
6713779
16707529
6545192
20714537
10506038
8992764
17378830
16462012
6259918
10368759
26904468
15990353
10381942
13598581
9666195
10947239
16181635
10530257
17399634
8615376
13960271
10873310
17759468
7258489
9309280
7119959
11238802
13629265
10999010
14079566
14239673
18674672
38227239
18756916
14529938
10872459
13884845
14598353
8774542
9881545
10958067
19424817
11466429
10993178
10609859
7795644
14289436
6842977
14811010
12320088
6902036
14957648
13473914
6726621
7580576
7039963
8258949
23810864
9384733
8009436
6673717
16465325
12834555
8330131
13837686
13751346
10703287
7154028
9590480
14077305
10575430
17575260
9801449
8336935
13447922
9954816
10498059
11678760
13617646
26269930
6029953
8965074
6698455
8241415
22150756
11003800
9829271
10015472
11019287
10509157
10399259
8681309
11075919
9733823
9768128
8179423
10993754
10294415
13047633
17533121
5938216
9856235
13396171
36144587
17984541
8337089
10288528
22269944
11036463
12580460
13405649
10577949
6429987
10004046
8030036
16336689
8276054
9967686
7371631
5998492
10612917
8028704
17478988
9680562
18762093
11450133
7595042
6645084
6780098
9669277
6693396
14128820
10512014
13921301
6572236
6855797
10686848
13986339
16711116
13246687
26650052
24190333
16232684
10043706
17210247
10135602
31347030
8407715
9984963
7016932
18387956
9873625
10389756
22123218
8673291
6569769
15405101
10725459
7550920
36095851
7202452
9945160
14191684
11370060
10736790
8018313
13587828
9312561
27246048
12585419
10216433
21806124
6907606
9987917
10243617
7659319
10030108
16701025
10305288
7062626
13732613
8474323
12911240
12454371
6091927
10082011
8439970
26075745
9926786
6664622
7366623
8171991
17967805
8216811
9871875
22227564
6295407
11892656
10053279
17553172
7467172
8763149
6457069
11260877
8323606
10124066
9774883
11830990
9834660
10724167
10580984
12955443
8168206
8020640
12971509
7958032
8264156
16395918
13622399
6860175
9241180
9229104
10601249
10307819
13090635
9034668
15878773
12883281
7529923
6384228
9666255
13723109
7838471
16244151
7512318
18178670
12593526
8065679
11266430
10218542
6778559
10374914
11082313
11099126
8043106
12867019
12813241
12382874
7033253
10770896
10254441
16297506
10222444
14246011
13780112
13784036
13256866
6732888
10981939
6667524
11771636
7959733
6843027
22779291
8096202
15005671
7011610
6901563
15358697
9078327
14111369
11511478
15452249
7148265
9030988
13853389
11280801
19002466
14396006
17181055
8963917
8388993
10817457
10876270
13711516
6937677
8483130
11208021
36138071
13684023
7593252
13589554
11577750
7020055
10246607
9178271
11482097
13480763
17054557
8974690
11495270
18963096
13861274
10353841
13476294
10868565
14456253
22332308
11389015
6623424
15914113
7268470
7096544
9375129
8421537
10203287
10384405
14107444
6936043
6755759
19903150
14071194
7848750
11181142
14271008
11629378
27976359
10392006
11929450
10522738
10804432
19424862
18392860
14343667
18311196
7623378
11243019
8527839
32512884
8927256
18306396
10347977
8424867
8043120
14380491
12992516
13958626
13763313
36798703
8023929
14749068
6154182
10456424
7534608
22388494
8037361
10224663
6623093
9813068
13060061
18651934
6887802
13431145
16421174
14363290
17657064
8547626
7320805
8354361
6310170
10399733
26170417
13867985
12929307
7016217
13508645
10124660
8235122
7713971
10800056
13365573
9640141
9511675
11218221
6078171
15237179
21412271
6171246
10120416
10990162
17584855
10776294
11193329
7975056
13692534
15371696
10237800
6813398
10816860
14812985
16825492
11011365
8073472
6556756
8252513
28742180
18419107
6869117
25062755
6788596
17877984
13404568
17455342
10525734
10392733
8668689
7383882
10859177
13882667
13498586
8575231
18535660
6845335
7725949
8426812
8299421
6285416
9960792
6297030
9709777
30806299
8425257
10018532
13407716
9859910
11058208
10907325
9839951
16798485
8164242
6599621
9877234
13847335
7865210
8062383
11085558
13775645
7561062
18884362
10091913
12988644
27018521
9975927
9638786
17778077
21088422
8336593
9116684
6218354
8037331
17485944
6536687
9861860
18599275
15988145
8012041
12738215
8806940
15606273
13433227
6244205
13351517
27917697
8421211
13654896
13252407
31563110
6356495
6045328
10291010
31901516
18169297
7826544
6496392
13845304
13473070
10679171
10242418
8196684
10432379
16242421
6581212
6022744
23371052
10641909
13857008
7970438
14071322
13214048
13231718
10341733
7509246
6397080
6407944
8268949
24595410
10824072
10445473
9604922
21359106
10274308
9867956
17275469
10889128
8115173
12449624
11423771
21380388
10725517
12790432
6881327
27233566
10854548
7119545
17984718
9697897
6358855
9952453
11477820
13551727
10534584
8594651
13474378
13526605
12440121
13483688
6088466
6662455
10397184
11281164
18369918
17270234
17682719
11187000
8934973
14401905
8821974
18168143
14973062
11010913
8809452
12016122
14763210
11095204
7055202
14581289
19862044
13742376
18015654
8025816
13471869
14776348
11228699
7008278
10560816
39308382
11160929
10706092
11105821
38884920
10712327
14149058
9342799
8862794
14684550
14669669
16892178
14499196
16945495
13336666
10703338
12723817
17060417
11450901
16300109
6393026
12468323
13020220
14563078
13401120
8778943
18412177
14778748
10538216
8193303
10725089
10552072
13279688
13761237
7644794
10366352
10574678
14361370
10264566
13506131
6199022
11164765
16801598
13978694
21598758
13094538
8362834
10352446
16963834
10289228
24630900
13445122
8399737
9256284
6677286
8560975
9784772
14147209
26418963
8745777
8202633
10338482
9280213
13527146
7980693
14193634
8534356
9996251
11245228
13121332
17900693
6093759
9650849
12777468
7965903
6745377
20748708
13329472
9957702
9967307
13727070
16370855
17480851
13377332
9872685
18367718
6605757
10928476
9487239
13142015
16436088
13596302
14533076
7854484
10323940
6534901
8046668
10109560
7011367
13093945
12806451
7851026
9646172
24760025
10843684
14088095
13673647
21990148
8331358
9513314
12585537
7155805
9695547
12934388
13437584
8102311
8363531
7879893
18070508
6645783
8277643
6196340
10917608
10516850
9785624
14336905
22020874
6289993
14321759
6428939
10661955
10137190
6388589
11283726
7929416
8093943
9181512
6755933
8655299
8740001
8585862
14922825
14384178
10975259
18023856
18565747
21511886
13983277
13088266
8385525
8811489
11811477
8612007
6271174
9967678
7832575
18093231
14170011
8568806
17156155
10189574
7053462
10196937
27984147
10028584
10098535
9569961
11642418
10473962
13943954
18209430
8414014
8555716
7385266
8179080
7357186
10215839
8281654
9223370
21848183
12997431
6741119
9889960
14170191
6683675
11014249
14369505
6703966
7937236
9017416
10329612
11588169
10292903
13726430
8531206
19206748
8377896
13124427
14775154
8101359
8472313
14763655
11531883
11228416
10904252
18187918
8392262
15021876
6911359
14618779
11874297
10814237
16615877
10508604
12086680
7373745
14715883
7646298
23571983
14829784
21814615
16774373
10330914
17830221
13445848
10705265
13300346
6331483
6550259
9830269
15918396
6102753
17745825
10089143
9798928
9815778
13291569
10520830
27020140
10181409
8383746
10706070
10726024
10793472
8460499
14492974
10207164
8032648
15671989
10081482
15779660
15073831
18563194
10668803
12708244
9842464
10069570
26885010
10595374
11050990
10640242
16488625
10100028
8320775
10433215
8525485
14602316
14000266
13694383
11514134
11637274
15366883
8498121
7009291
14958024
12680999
10208675
10458343
13831116
8633251
8618835
8206150
14523520
14074148
13647891
14760314
19094140
13605672
18941162
7687043
10144019
17612411
18130331
13555412
18267365
13994111
6680538
12902856
10880842
12785372
10206242
17313823
11419267
8688451
11696117
10718604
6770131
7992289
7558487
16104888
16398554
9670961
11381975
11178035
19705786
14159767
17604724
10316229
10487963
15204388
10420242
11217288
10839292
6843549
6944361
14440782
17494710
11178616
7954875
5987326
8982799
10662387
8702500
8367443
7934266
8169725
17589847
12390087
10424774
9972736
14310548
9991320
12936103
12874216
13688372
10345395
14768679
9259695
9930702
8082879
10258291
13356047
14173523
9377518
14438306
12042689
11665146
6757463
10688285
10141560
17829041
9337873
9950357
11151897
14646412
10452583
17345224
17802981
10260378
18789836
17860720
17150063
9755359
8866641
11250476
14004278
7954166
13019964
9716329
9865597
9703738
13841209
10037423
7167168
11267986
7636104
7908633
13704830
11977091
8776156
18192862
10195057
7379714
7121572
10760996
11380498
17661439
16758554
7787897
11392276
14855589
18507661
6737489
14536413
10397063
8172822
9691724
16906645
18897676
17785534
9929945
6289680
10792407
14053437
9996287
6295454
10529690
9746805
14814254
25155797
10774938
13462927
6666346
8536934
6016492
12994549
8321912
6504267
16900487
17848339
6686725
14640899
13406860
6570332
10507438
13003208
7315391
13505205
10450098
8130264
8353079
25062590
12733550
6212863
10135492
8475190
8133625
10658917
7552616
7911689
9595611
10893721
10177031
9121332
13399230
6339645
8734858
10724874
13017258
10367758
10766686
17543236
13636424
8961774
13342124
9624805
10269263
10255321
10562586
