10489649
10906523
10683285
10994928
17857990
17027914
8982243
10821844
10823431
13950154
8493363
8876120
12690710
9434293
10514316
10525938
11220974
10565018
13762225
6050658
10295991
10632337
11016132
9759905
14377190
10489403
12475947
10102421
10846773
11715835
12942654
6584517
9631070
12789856
9840131
13212609
10566325
7268611
10660533
13509589
9922646
11241916
6571801
13947295
8033716
10733521
15250162
10715000
11773243
17764576
8473300
10898856
7857603
9099445
7381036
8776655
17040050
8788221
14215907
11665507
22618927
17412304
10101431
22471670
11834142
6760128
38420806
9216410
10040974
8714306
8331274
11392728
22142987
13203686
9971839
12795145
11110144
14458276
14253474
16722024
10189648
8666225
17424037
11395969
32334932
11630618
22652353
14747036
17595810
11294347
18884924
14305970
17268128
17187355
14465988
13629206
9348783
10247863
13273709
10268725
17603883
15141179
6403541
10436980
13273527
13475207
13250607
11379522
28125515
12821883
13951273
13848388
6831875
10143654
10516254
7208662
10590376
13987174
10299127
13388590
33320410
10454241
6744545
9715095
10335092
11038598
10090377
6113286
16881483
6290608
13613295
9955175
10087532
9849869
8695324
18502980
6678625
10974262
8203031
13613935
10358867
12855710
6282488
12949440
17380585
8708191
18598441
13672953
16953755
8755531
10029134
6170309
15988115
17508785
13448025
17300505
10365411
6804940
18494427
10739873
8718923
6793709
15315819
11272253
9345856
8544498
7671751
9543614
10166464
10965380
10312267
15453718
8561330
6677720
11060559
17829630
17259992
16651297
10802082
6502062
8180381
14414013
8684552
36299957
9709263
6407094
7192149
8188831
14921480
7346840
21208674
9919038
10566914
6624019
10583334
8310114
6790101
10581509
10354105
6885465
18106140
8086053
6687762
36134301
10703452
9703881
8334183
9656737
10960969
6586908
6399217
10988454
9444536
9275636
10722690
7685189
30918744
13475719
8344403
6608471
17203922
15878777
9830434
11679807
9191706
13732053
10699091
9900633
13153615
13663684
19143870
9760402
10750403
7186271
13548500
7316873
10314549
7746064
11192470
10281168
9923808
6327320
14245408
9898356
10014051
12302009
13808978
11317658
12939472
7146130
10530677
9869094
7329369
10558278
13765293
8243501
10697273
9681676
9561736
17640860
10814109
14000939
13218937
7897133
12982063
17640123
10588900
10175821
6828994
14188000
8015666
11009472
11014686
11299990
10175870
11338026
11195512
10257283
11081474
10300648
8455022
13862648
17287361
13382663
9036443
6724553
10414603
10900657
10612122
11869744
14654395
6782285
16766312
6590974
20766761
10569704
9059088
17433231
16521857
6314563
10421620
26954191
16070851
10449676
13665638
9747594
11011194
16248663
10608232
17465884
8697273
14027787
10950861
17830490
7357377
9394598
7323445
11301319
13697393
11076493
14139758
14293682
18751691
38306075
18819911
14615496
10942779
13969248
14658736
8850085
9952061
11033864
19487008
11541089
11070391
10733774
7992840
14356416
6900151
14872723
12399575
6959531
15021280
13551289
6823860
7690173
7130401
8376430
23869489
9488204
8108602
6789093
16526682
12934313
8436268
13932860
13855657
10800555
7313989
9666703
14146693
10655120
17642882
9895007
8433217
13553864
10049877
10603178
11790807
13713473
26363484
6089517
9041799
6796536
8326931
22254907
11087516
9922085
10104296
11055631
10570686
10437660
8757218
11118389
9781800
9871055
8283278
11092727
10394782
13126520
17598016
5978620
9908610
13468589
36228662
18041382
8478669
10351198
22320307
11073163
12635151
13473781
10636808
6481707
10064148
8077254
16384778
8335837
10034924
7460225
6057216
10657582
8091032
17543702
9730337
18828856
11514037
7657309
6713227
6846561
9712786
6754213
14192291
10598287
13977633
6611217
6911994
10729090
14033293
16761059
13299591
26689260
24268296
16302256
10113914
17252992
10204316
31389049
8479188
10063136
7089590
18437891
9935162
10487093
22175943
8726027
6646915
15464848
10779157
7601511
36151781
7281236
10006159
14250630
11446829
10827102
8057604
13657996
9384848
27324052
12657884
10280366
21885012
6971443
10056551
10289215
7735214
10071883
16759125
10362341
7140406
13811024
8542195
13007597
12516140
6136863
10127461
8487759
26127804
9976397
6729517
7458416
8241899
18029467
8276177
9922658
22292945
6359771
11964778
10109643
17637598
7508788
8813909
6525372
11333517
8381036
10170745
9830559
11889567
9903207
10791114
10664110
13005993
8216659
8094320
13042032
8022290
8337822
16458080
13686103
6913685
9316810
9303883
10659257
10374961
13135739
9107080
15932461
12928986
7596318
6463524
9759162
13771174
7883093
16287345
7556533
18250397
12649442
8128427
11329200
10296204
6845205
10422331
11146936
11167838
8090435
12922915
12868593
12447449
7099855
10836507
10292658
16354471
10289329
14292289
13835328
13859493
13310909
6786620
11050488
6732386
11836223
7992962
6928620
22844305
8154066
15068223
7080879
6961281
15419751
9147028
14181138
11588786
15517521
7256753
9103474
13931643
11343721
19066189
14454248
17246470
9037906
8462354
10887351
10940058
13770820
7000521
8543313
11281426
36192351
13726212
7637278
13657407
11634100
7073005
10323354
9247820
11539706
13555383
17110760
9034133
11570509
19020084
13927514
10416589
13534586
10934968
14531534
22403586
11465237
6687821
15985290
7334108
7165202
9443165
8497176
10249375
10452659
14180622
7005276
6830636
19959246
14155300
7904185
11244015
14336996
11700262
28048219
10447634
11986046
10589100
10873204
19485220
18464029
14410932
18386784
7678321
11297410
8603441
32571038
8990674
18360709
10399546
8500054
8083226
14469724
13056938
14029235
13817385
36838321
8088281
14797999
6203260
10490603
7607797
22433096
8076800
10279468
6675560
9853623
13125998
18695176
6937632
13482533
16483773
14435493
17704065
8595595
7381423
8398672
6361377
10451978
26221651
13938558
12966317
7074567
13565794
10197355
8300872
7765800
10882044
13441703
9685499
9563570
11276660
6162237
15295041
21467193
6229990
10170423
11048341
17619143
10846161
11258243
8016130
13771792
15444080
10292777
6874870
10894899
14898179
16885397
11080901
8146589
6625044
8316144
28805673
18483550
6927446
25122086
6868198
17937893
13455714
17531362
10598188
10452260
8742674
7455476
10925615
13942132
13567069
8636666
18577875
6905743
7786260
8496711
8366836
6362935
10007265
6356866
9770614
30845743
8465102
10071813
13462452
9922328
11112968
10965677
9901506
16854924
8215698
6655443
9916681
13915877
7924392
8130597
11170948
13834975
7646457
18949896
10156232
13042722
27060726
10029853
9685264
17839865
21170206
8386826
9195529
6275645
8101398
17536765
6577710
9909473
18659132
16033226
8081672
12785488
8872492
15658623
13480496
6298566
13394725
28005824
8462569
13711840
13310198
31632420
6407656
6098050
10345532
31977511
18224530
7874032
6546743
13899410
13512832
10755418
10310833
8264281
10496482
16292279
6636111
6077944
23432333
10722655
13917985
8013862
14136266
13249460
13267882
10390947
7566139
6471763
6444804
8306399
24633500
10879544
10504090
9663546
21439185
10334674
9917050
17352313
10937404
8153459
12525117
11503941
21459850
10767221
12838435
6934429
27292827
10907836
7190832
18050797
9759484
6422712
10024787
11532907
13597606
10587505
8663341
13530112
13568234
12507563
13539206
6141487
6725739
10435840
11338492
18423000
17335317
17734686
11257211
9001163
14473778
8889953
18242684
15051006
11074284
8880936
12085635
14822757
11179553
7134332
14638125
19933995
13805431
18087139
8106895
13534969
14837152
11309751
7073692
10646257
39378424
11231683
10784850
11169389
38973238
10778196
14220151
9402254
8923002
14791538
14729736
16952879
14568061
17004875
13402969
10776968
12789876
17138770
11521402
16368347
6440956
12511745
13073468
14632061
13486857
8853534
18485373
14837522
10595545
8262100
10803665
10617634
13335449
13818214
7717670
10433695
10619697
14404778
10305443
13558728
6249879
11224860
16856081
14044098
21675177
13162187
8449487
10427909
17005884
10348395
24712188
13496056
8465156
9323754
6733712
8622796
9867606
14214391
26474257
8816159
8243547
10389777
9342037
13578344
8032682
14258046
8613307
10076585
11317834
13218533
17946388
6144564
9752961
12831158
8023676
6790299
20810815
13417702
9999055
10004363
13781156
16439123
17543458
13462735
9919423
18406199
6643508
10988579
9568346
13212576
16489115
13647740
14585270
7909993
10397203
6582588
8108471
10162429
7060160
13153969
12872797
7900012
9689063
24823451
10908004
14137791
13745203
22034745
8394148
9560250
12634521
7217055
9741803
12974405
13496248
8177123
8439078
7929631
18126401
6689737
8346183
6259504
10986320
10554086
9832792
14406254
22071970
6341685
14387329
6490978
10738654
10202648
6450563
11324438
7982920
8182896
9252731
6814213
8731630
8807308
8651851
14982322
14447729
11037187
18090059
18650798
21589690
14061585
13156413
8456569
8881380
11885636
8665043
6327256
10020820
7902973
18153919
14227874
8631723
17211470
10254735
7112384
10272487
28039879
10079768
10160984
9652359
11701509
10526740
14018389
18290643
8485746
8625701
7472519
8237799
7411681
10285409
8349065
9279355
21915185
13061027
6810813
9945938
14237940
6740752
11093872
14439993
6755625
7976089
9077745
10372857
11646481
10362477
13801614
8601465
19264132
8446141
13193741
14850555
8150936
8548606
14819884
11588049
11288821
10982653
18244292
8460048
15075873
6993096
14701576
11951331
10872788
16691852
10583924
12143518
7472269
14779724
7725592
23644456
14890229
21880242
16828771
10388215
17876393
13488279
10769354
13355649
6371670
6591884
9875594
15966513
6145072
17792534
10155738
9846112
9875544
13358412
10576481
27071695
10245075
8428272
10740794
10797121
10849802
8499532
14557869
10283600
8099346
15705939
10120585
15833202
15123096
18628502
10721274
12763819
9881420
10116394
26931682
10657305
11118663
10704965
16524459
10163132
8388818
10498240
8582033
14659804
14061053
13750858
11601181
11701519
15436528
8562198
7072906
15028277
12759126
10276442
10525383
13881585
8706663
8688462
8252453
14583960
14145611
13722063
14849513
19167225
13679486
19027373
7774273
10219157
17673942
18191504
13611913
18342340
14059015
6769080
12972255
10960658
12843158
10262520
17371776
11491675
8747403
11776986
10784201
6839463
8052512
7618042
16152475
16480333
9735771
11444263
11256655
19775193
14227719
17673642
10385452
10562622
15266659
10486563
11268323
10891968
6922322
7019389
14493923
17567082
11240139
8017189
6021667
9052514
10723269
8752782
8424368
8005565
8240361
17641927
12424677
10490005
10034760
14386650
10047715
12995890
12939196
13760929
10402876
14831501
9318576
9986559
8168408
10329290
13415932
14229368
9438302
14512482
12124444
11729805
6830825
10731056
10196503
17906740
9395174
10015838
11207509
14702186
10515926
17428415
17872347
10322792
18830170
17923072
17187854
9821888
8906495
11343095
14050507
7993911
13074983
9762864
9916747
9770217
13889479
10102234
7204293
11333281
7751044
7961163
13751561
12062362
8864303
18294265
10273382
7554183
7187636
10855340
11489575
17739527
16864748
7892975
11472995
14946206
18608353
6855379
14635864
10503391
8280599
9754906
17000773
19006770
17893926
10019150
6390015
10883405
14158868
10102713
6393577
10571981
9838917
14930865
25276474
10867430
13539345
6740636
8578706
6116410
13087705
8392263
6552824
16972970
17957392
6784100
14705835
13484961
6633324
10558774
13065137
7352390
13569183
10512083
8199131
8405937
25127668
12777056
6248211
10186243
8545582
8194889
10722590
7629234
7960705
9641588
10956420
10246588
9176850
13472067
6392082
8830261
10766911
13059521
10418480
10832861
17606374
13694369
9014414
13399630
9679186
10320499
10305826
10599915
